24 101130667324215296
24 101131409690857474
24 101167149359443968
24 101173956744196097
24 101174103515463682
24 101174279688822784
24 101178679517921280
24 101191883182718976
24 101197520331489280
24 101202293462007810
24 101218642854821888
24 101222493200719872
24 101225878020816896
24 101235512316145664
24 101236909023576064
24 101237592703508482
4 101797821711269888
4 101797842661814272
4 101798287283191808
4 101798287283191808
4 101798287283191808
4 101798287283191808
4 101798601822437376
4 101800585736622081
4 101801982431469569
4 101802477380304896
4 101802875843387392
4 101803584659800064
4 101804125750169603
4 101806864601329667
4 101807766372491264
4 101807774769479680
4 101808299061686273
4 101809465103360001
4 101810865992511488
4 101813944607444992
4 101820508697399296
4 101825973883912192
4 101841153044914176
4 101866776035463168
4 101867220635893761
4 101889026839166976
4 101900561158373377
4 101901278396940289
4 101906038919409664
4 101906378658033665
4 101914012295507968
4 101918235959631873
4 101918563115352064
4 101918701527375872
4 101920135975145472
4 101920903528583168
4 101924779086446593
4 101927035622006784
4 101929040516091904
4 101948183315353600
4 101958505480716288
16 103067915686912000
16 103067995349319680
16 103068184105594880
16 103068599341694977
16 103068771312345088
16 103068800672473088
16 103068930691706880
16 103069266236018688
16 103069345906835456
16 103069379478032384
16 103069488529936385
16 103069593395933184
16 103069605991415808
16 103069673062543360
16 103069996040720384
16 103070130275233792
16 103070398681325569
16 103070490989576193
16 103070683910782976
16 103071468228845568
16 103071514387156992
16 103071568921509888
16 103071644410593280
16 103071682171904000
16 103071791215415296
16 103072240010137600
16 103072604897804288
16 103072676184207360
16 103072848163246080
16 103072885924577280
16 103073003360882689
16 103073129202593792
16 103073246630510593
16 103073347277041664
16 103073611547557888
16 103073854787821568
16 103073963852308480
16 103074249052397569
16 103074404241645568
16 103074416841338880
16 103074748174577664
16 103074802725699584
16 103074903363813376
16 103075029226500096
16 103075528336093184
16 103075612230561792
16 103075683508568064
16 103075691901370368
16 103075868062121984
16 103075905831837696
16 103075918418952192
16 103076358783115264
16 103076476223631360
16 103076564312395776
16 103076975379365888
16 103077159907770369
16 103077176693366785
16 103077239624704000
16 103077264752783361
16 103077382197481472
16 103077562573529088
16 103077919101960192
16 103078409814556672
16 103078548218195968
16 103078569189711873
16 103078661481172992
16 103078728598421504
16 103078762148671488
16 103078766334586880
16 103078917308555264
16 103079106052235264
16 103079177384755201
16 103079349355429888
16 103079592625045505
16 103079944925609984
16 103080167248904192
16 103080607617269760
16 103081014473146368
16 103081043845849088
16 103081098371801088
16 103081106752012289
16 103081920451194880
16 103081958178955265
16 103082142740914176
16 103082197292032000
16 103082394403348480
16 103082398601842688
16 103082604118548480
16 103082608333815810
16 103082616701460480
16 103082755121876992
16 103082763514679296
16 103082927071567872
16 103083073872216065
16 103083317141835776
16 103083338109169665
16 103083669475958784
16 103083937919811586
16 103084206351069184
16 103086089593561088
16 103086152482955264
16 103086194442780672
16 103086211240964096
16 103086513201483776
16 103086764880699392
16 103086899073269760
16 103086903263379456
16 103087045899075585
16 103087062659514368
16 103087297548914689
16 103087352070668288
16 103087419166953472
16 103087649857871873
16 103087985418969088
16 103088295801651201
16 103088396439793664
16 103088476156739584
16 103088597770584064
16 103088702628175872
16 103089122054381568
16 103090678153756674
16 103091093377257473
16 103091965826043904
16 103091978396368896
16 103092292944019457
16 103092632720384000
16 103092724957319168
16 103093198934650880
16 103093249270493184
16 103093408645652480
16 103093807096147968
16 103093836468854784
16 103094566286147585
16 103094637572530176
16 103094746616049666
16 103094830502133762
16 103095031845498880
16 103095048635285507
16 103095224787681281
16 103095245759201280
16 103095329636888576
16 103095358980231168
16 103095841325195264
16 103096038491033600
16 103097493914533888
26 105415987716825088
26 105433419240062977
26 105436460089487361
26 105437361869029376
26 105441518453653504
9 106061503672754177
9 106061671449100288
9 106061751140892672
9 106061902156795904
9 106061910511853568
9 106061910532816897
9 106061948256387073
9 106062027973337088
9 106062040543657984
9 106062048923881472
9 106062132809969664
9 106062174778163200
9 106062183158386688
9 106062187356893184
9 106062296392024064
9 106062384476590080
9 106062388666703872
9 106062430626512896
9 106062439006740483
9 106062439019315200
9 106062447407931393
9 106062522888626178
9 106062543864340480
9 106062543864348672
9 106062548046057473
9 106062577414574081
9 106062598373511169
9 106062602601373699
9 106062610956419073
9 106062615167504384
9 106062619378589698
9 106062648717750274
9 106062669689270272
9 106062682272178176
9 106062703264661504
9 106062749397823489
9 106062753600516099
9 106062761976532993
9 106062787146559488
9 106062816494096384
9 106062824865935360
9 106062829081214976
9 106062837465612288
9 106062917165785088
9 106062938141503489
9 106062950703443969
9 106062971674968064
9 106062971695935488
9 106063001051865088
9 106063026192519168
9 106063030386819072
9 106063051366744064
9 106063068135571458
9 106063072329871360
9 106063105888489472
9 106063131071102977
9 106063143633027072
9 106063143633035264
9 106063160422842368
9 106063164621336576
9 106063185576079360
9 106063198167384064
9 106063235911921665
9 106063256912805889
9 106063261073551362
9 106063290437861376
9 106063307219283968
9 106063328207581184
9 106063336591998977
9 106063374332346368
9 106063374353313794
9 106063428883451904
9 106063441428627456
9 106063441462181888
9 106063462416912385
9 106063475004022784
9 106063487586938880
9 106063491768651776
9 106063504359960576
9 106063605010669569
9 106063609217548288
9 106063609225949185
9 106063617618755584
9 106063642759405569
9 106063672115335168
9 106063697297932288
9 106063705699139584
9 106063718252675072
9 106063747621208064
9 106063747637972992
9 106063751819694080
9 106063764419395585
9 106063764423577600
9 106063768588517377
9 106063781175623680
9 106063810556731392
9 106063818936954880
9 106063827321372672
9 106063831503089664
9 106063835722563584
9 106063844094394370
9 106063856677298177
9 106063865091072000
9 106063886050004992
9 106063890252697600
9 106063898632916992
9 106063907008954368
9 106063915422724096
9 106063919583477762
9 106063927988850688
9 106063932166381569
9 106063932191543297
9 106063957332205570
9 106063961555877888
9 106063974113615873
9 106063986725879808
9 106064041222488064
9 106064041239252992
9 106064045429370880
9 106064083190689792
9 106064120931024896
9 106064125112750081
9 106064167064186882
9 106064179634515968
9 106064209019809792
9 106064259338866688
9 106064297066639360
9 106064313873211392
9 106064334853115904
9 106064393535627264
9 106064406139506688
9 106064469058269185
9 106064473260949504
9 106064481645363200
9 106064510997102592
9 106064540369817600
9 106064557151240192
9 106064569704779777
9 106064573903282176
9 106064590684684288
9 106064590701477888
9 106064699753381888
9 106064703930908672
9 106064804581605377
9 106064867512950785
9 106064880074883072
9 106064880091660289
9 106064884306935808
9 106064905261678592
9 106064951390638080
9 106064972357963776
9 106065005929172992
9 106065077240737792
9 106065135948410880
9 106065152738197504
9 106065186259087360
9 106065211441680384
9 106065244983533568
9 106065270170329088
9 106065286934953984
9 106065299509489664
9 106065307931652097
9 106065337274990592
9 106065354052214784
9 106065395982663680
9 106065404396437504
9 106065425346990082
9 106065446318514176
9 106065463120891904
9 106065521807589376
9 106065563754831872
9 106065618289168386
9 106065630884667392
9 106065689604915200
9 106065702183649282
9 106065811243937792
9 106065869959987200
9 106065899320115200
9 106065974817599490
9 106066083840135168
9 106066104824246272
9 106066109043703809
9 106066146775670785
9 106066171949891584
9 106066285200281600
9 106066297753841664
9 106066356478279681
9 106066394235416576
9 106066461331697664
9 106066494919684097
9 106066532664217600
9 106066536858521601
9 106066553639931904
9 106066629099667457
9 106066629112238080
9 106066650083753984
9 106066679448076288
9 106066721386934272
9 106066868187574272
9 106066956280545281
9 106067035947151361
9 106067098882670592
9 106067111478169600
9 106067145007448068
9 106067170173255680
9 106067182768750592
9 106067199550164992
9 106067258262028288
9 106067291829043202
9 106067363107057664
9 106067367322320896
9 106067438633877504
9 106067497320579072
9 106067597983883264
9 106067618967977984
9 106067665126301696
9 106067715428597760
9 106067757400985602
9 106067769967132673
9 106067774169825281
9 106067904189054976
9 106067929333899264
9 106067962905100288
9 106068050972909569
9 106068050998071297
9 106068055183998976
9 106068080345620480
9 106068080349818880
9 106068101333925888
9 106068168430206977
9 106068176835584001
9 106068185220005888
9 106068243906703360
9 106068252324675585
9 106068273279410177
9 106068436865654784
9 106068436882432000
9 106068445237489665
9 106068516561616896
9 106068600456093697
9 106068688511315968
9 106068713698103297
9 106068755624370176
9 106068768219869184
9 106068805947625473
9 106069103751598080
9 106069321867988993
9 106069422539677697
9 106069451891417088
9 106069628043788288
9 106069657395531778
9 106069674189529089
9 106069967795003392
9 106069984563838976
9 106070110397145089
9 106070118768971776
9 106070127174352896
9 106070211060445185
9 106070395605614593
9 106070626304921600
9 106071062487367680
9 106071708401811456
9 106071779721740288
9 106072471802871808
9 106072664703111168
9 106072736039829505
9 106077442053115904
9 106077479764115456
9 106078582887026688
9 106078670959026176
9 106079069426290688
9 106079291711815680
9 106079396577812480
9 106079467872600064
9 106079484645609472
9 106079644050132992
9 106079904080203776
9 106080642298691584
9 106080726155403267
9 106081057543168000
9 106081300791832576
9 106081640513683457
9 106081900577304577
9 106082785567047681
9 106083167261298688
9 106086984069545986
9 106088984769339392
9 106088997331271680
9 106089068630261760
9 106089324499574785
9 106089890739011584
9 106089899119222784
9 106090255639248896
9 106093321679683584
9 106095695634767872
9 106096576438603776
9 106096962335555584
9 106098195431571456
9 106103434155008000
9 106109163570081792
9 106115245289897984
9 106117170496417792
9 106120114864267264
9 106121498992975874
9 106122597900632065
9 106122715353714688
9 106125437436039168
9 106135096939122688
9 106141124162367488
9 106147499512827904
9 106151253385555968
9 106152469733720064
9 106154332034048000
9 106163010032238592
9 106182949766041601
9 106230269895376896
9 106258795340120064
9 106265057456951297
12 111181079536349184
12 111265397612879872
12 111269822607798272
12 111297354044420096
8 111301015650840576
8 111302475285401600
8 111304475934863360
8 111305289663393792
8 111307172872335361
8 111310708670607360
8 111311430116048897
8 111311631438454784
8 111314215121321985
8 111315053982130176
8 111318199710130176
8 111318568813068288
8 111319592244215808
8 111319764189724672
8 111320296862130176
8 111320573702967297
8 111320930189451264
8 111323966882324480
8 111324398916599808
8 111324969308389377
8 111325288088080385
8 111328081494556672
8 111332561027989504
8 111335056643067905
8 111338160415457280
8 111338164592975872
8 111340366594195456
8 111342384079577088
8 111345471087312898
8 111346007941451776
8 111346922316513281
8 111352647549857792
8 111361149391470592
8 111369651245682688
8 111372998308659200
8 111376613777752064
8 111377494610935808
8 111380019577749505
8 111387007267246080
13 111423220896370688
13 111424667943841792
13 111424772772085760
13 111425154483097600
13 111425221575196672
13 111425414534152192
13 111425628405907456
13 111425657766031360
13 111425850733371392
13 111426156904988672
13 111426194670493696
13 111426219836325888
13 111426253378166784
13 111426320474443777
13 111426911875497985
13 111427037708812289
13 111427385848635392
13 111428275028496384
13 111428434433032192
13 111428652532633601
13 111429050970550273
13 111429105492307969
13 111429260677353472
13 111429277450371072
13 111430309257551872
13 111430355399098368
13 111430854529646593
13 111430913245720576
13 111430942618423296
13 111431844402180096
13 111432179917135872
13 111433505342373888
13 111433782132879361
13 111433912189861888
13 111434100916760576
13 111434151260987392
13 111434251932680193
13 111434302226575360
13 111434419675471873
13 111434625217339392
13 111434822345433088
13 111434834907369472
13 111434876862996482
13 111435204001927168
13 111435300500275200
13 111435329831047170
13 111435464082341888
13 111435606676094976
13 111435640243093507
13 111435673772376064
13 111435862541217792
13 111436894319026176
13 111437540254420992
13 111437724803796992
13 111438500729065472
13 111438769177112577
13 111438924374745088
13 111439129891438592
13 111439536738938880
13 111439645803413504
13 111439733875417090
13 111439838720442369
13 111439926788243459
13 111439951983423488
13 111439993897107457
13 111440342032728064
13 111440665010905088
13 111440849535111169
13 111440954413682688
13 111441151550160896
13 111441281581973504
13 111441403200024576
13 111441608704135169
13 111441965224181760
13 111442242052427776
13 111442388848873472
13 111442908963549184
13 111443118674554881
13 111443261276700673
13 111443299012853761
13 111443340972658688
13 111443441635962881
13 111443450037153795
13 111443471000281089
13 111444108542869504
13 111444221759733760
13 111444825747881984
13 111445089980649472
13 111445098386046976
13 111445320679948288
13 111445400375930880
13 111446264415133696
13 111446679655415808
13 111446910316978176
13 111447426224750592
13 111447463956713472
13 111447522685370368
13 111448143438155777
13 111448533504241664
13 111448588026003456
13 111448818750472192
13 111448835515092993
13 111449263342485504
13 111449779241881600
13 111449804395122688
13 111449993155584002
13 111450160890003457
13 111450253202423808
13 111450316083437568
13 111450483876569089
13 111450781680549888
13 111451188523831296
13 111451247231516672
13 111451360460931073
13 111451377238159360
13 111451482099941376
13 111451834446655488
13 111452211921432577
13 111452350316683266
13 111453151462297600
13 111453164028432385
13 111453197578670083
13 111453633798864896
13 111453688303849472
13 111453826711691265
13 111454023848173568
13 111454468461170688
13 111454749487927296
13 111455634481872896
13 111456133616640000
13 111456330711175168
13 111456343294095362
13 111456364299157506
13 111456414609842176
13 111456448189448192
13 111456611767300097
13 111456624333438977
13 111456959890329600
13 111457006010892288
13 111457085715267584
13 111457261876023296
13 111457802928664576
13 111457874227634176
13 111458285277814784
13 111458960569143296
13 111459434529697792
13 111459749068935168
13 111460176925696000
13 111460260778213376
13 111460474712883201
13 111462655759355904
13 111462802534825984
13 111462924157059072
13 111463079375675393
13 111463859503644672
13 111464455115784192
13 111465252020953089
13 111465625293029376
13 111466158003200001
13 111466325741805568
13 111466376073457665
13 111466992648724480
13 111467017831329792
13 111468318048784385
13 111469685412855808
13 111470012547608576
13 111470213895172096
13 111470369055047681
13 111470415217565696
13 111470499070091264
13 111470511665594369
13 111471119860637696
13 111471459578286082
13 111471539274252288
13 111472218764091392
13 111472956969984000
13 111473326060355584
13 111474009727700992
13 111474508824715264
13 111474685023236096
13 111475645481099264
13 111476119437443073
13 111476157194571776
13 111476727624110080
13 111477209981657088
13 111477910443012096
13 111478627660599296
13 111478669607845888
13 111479336493793280
13 111480204702126080
13 111480913531121666
13 111482272493993984
13 111485640515919872
13 111485942522580993
13 111486043194265601
13 111486299013251072
13 111486433268731904
13 111487095964573697
13 111488190677909504
13 111488240980205568
13 111489054687768577
13 111489163739672577
13 111489453142450176
13 111489549636616192
13 111489943884402689
13 111491407692308480
13 111492670173622272
13 111495442621136896
13 111497694937219072
13 111497816572039168
13 111502543552655361
13 111503743152951297
13 111504858846212096
13 111504930124206082
13 111506268123971584
13 111506633003241472
13 111506729505792000
13 111507794846416896
13 111507954225774593
13 111512685379715073
13 111513822044499968
13 111514375709409280
13 111515369759457280
13 111515931783593984
13 111518301590532096
13 111518419022659585
13 111521531204599808
13 111521694748909568
13 111523443807227904
13 111525461267456001
13 111525830345228288
13 111526908264583168
13 111528082690686976
13 111530041434832896
13 111531660444569601
13 111532235051634688
13 111532578984574976
13 111535288504950784
13 111537071067381761
13 111537280790962176
13 111537591161069569
13 111537985446625281
13 111541043090042880
13 111541508653580288
13 111543106683416576
13 111544935399948288
13 111547405836623872
13 111549087773491200
13 111549658186260481
13 111549897282560000
13 111551818261209088
13 111554108330213376
13 111560781493043201
13 111562840883740673
13 111563499389456385
13 111565198086770688
13 111572483605405696
13 111576648524115968
13 111577604854775808
13 111580956082712576
13 111584089236176896
13 111586333180428288
13 111586391917477889
13 111588568761249792
13 111589575364845568
13 111591609631653888
13 111615986918100992
13 111620806177603585
13 111641488299003905
13 111641702200119297
13 111645279941427201
13 111649641992429568
13 111675134997307393
13 111677865476628480
13 111686870664093696
13 111692633604239360
13 111713106002051072
27 112419263226195968
27 112424875196551168
27 112424900383358976
27 112425282060816384
27 112443502138368000
27 112445259518189568
27 112445620224147456
27 112449328018239488
27 112458714853818368
27 112458761012129792
27 112458937156124672
27 112465174073581568
27 112470903492853760
27 112481238291456000
27 112484019106611200
27 112486007177347072
27 112488272109903872
27 112490126013243392
27 112502042018320384
27 112504864797507584
27 112506471215935489
27 112508564169428993
27 112509801468133376
27 112511600820363265
27 112514499122176001
27 112515337970397185
27 112515342156308480
27 112515564475392001
27 112515652539002880
14 113215962873987073
14 113217997136605184
14 113218101977419776
14 113218198471577600
14 113218336858451968
14 113218563355062273
14 113218974384263168
14 113218995393544192
14 113219502866575361
14 113219582583504896
14 113219779715796992
14 113219884548243456
14 113219955872382976
14 113219964248395778
14 113220136223256576
14 113220224307830785
14 113220459180462080
14 113220593406582786
14 113220677301059584
14 113220899603361792
14 113220928938311681
14 113221449052995586
14 113221541336055808
14 113221595824263168
14 113221662954110976
14 113221675524440064
14 113221973324201984
14 113222036263936000
14 113222178866069505
14 113222178870280192
14 113222300488314880
14 113222338224459776
14 113222388564492288
14 113222459876052992
14 113222661198458880
14 113222711546888192
14 113222719935479808
14 113223240008212480
14 113223374246912001
14 113223416181555201
14 113223521018200064
14 113223533605294080
14 113223558783696896
14 113223856562515968
14 113224112427646976
14 113224334704771072
14 113224397644496896
14 113225291043848193
14 113225471386320896
14 113225475589021696
14 113225735623278592
14 113226004067127296
14 113226314441437185
14 113226368971587584
14 113226515759632384
14 113226624811536385
14 113226633208541185
14 113226746450546688
14 113227002311491584
14 113227081973903360
14 113227212030877697
14 113227216220983297
14 113227216220987393
14 113227841176473601
14 113227891512328194
14 113228080226643968
14 113228294152912896
14 113228298326249472
14 113229011374710784
14 113229044912357376
14 113229149782544384
14 113229204308508672
14 113229485335257088
14 113229527269916672
14 113229569225523200
14 113229590201241600
14 113229753779109888
14 113229971849351168
14 113230189990907905
14 113230273868607489
14 113230382916313088
14 113230521332539393
14 113230533890277376
14 113230542312456192
14 113230609396137986
14 113231376962158592
14 113231611830599681
14 113231976739246080
14 113232110961176576
14 113232194843054080
14 113232513614356480
14 113232610070757377
14 113232702345449472
14 113232815604240384
14 113232878514614272
14 113232991785979904
14 113233222447538176
14 113233373434089472
14 113233994220445696
14 113234434609790976
14 113234686272225280
14 113234761761300480
14 113234761778073601
14 113235030217723904
14 113235546087759872
14 113235705500680192
14 113235902607785984
14 113236888265048065
14 113237588738973697
14 113238704402857984
14 113240877052329984
14 113241246138503168
14 113241321640173568
14 113241762071453696
14 113243582403575810
14 113244177994756096
14 113245704704626688
14 113245729866252290
14 113252365250985984
14 113254097490149376
14 113257264210640897
14 113261219439321088
14 113262444155113472
14 113266944668467200
14 113271050879504384
14 113271076062109696
14 113271227027701760
14 113271470326693888
14 113273408078360576
14 113273525527252992
14 113273559090073601
14 113273882026315776
14 113273882026315776
14 113273882026315776
14 113273882026315776
14 113279514972405760
14 113279569510932480
14 113279598879444992
14 113284820792131584
14 113287194738819072
14 113294270529671168
14 113296262836658176
14 113296644518330370
14 113298188030586880
14 113306744414945280
14 113308690546823168
14 113308975784656897
14 113311504941580288
14 113317649609523200
14 113317829935251456
14 113321441264533504
14 113331172033044480
14 113344191148462081
14 113347492069900288
14 113361324867723264
14 113362767733460992
14 113371219243446272
14 113371802251689985
14 113424226861588480
14 113443394818277376
14 113450449646010368
14 113455352774787072
14 113495773311799296
14 113539779936796672
19 89007237128921088
19 89013583089901568
19 89014438732111872
19 89035955524206592
19 89041491992907777
19 89043438162546688
19 89051763855990786
19 89055253525311488
19 89056696374280192
19 89062195098431488
19 89089323844112384
19 89092134040383488
19 89136690115002368
19 89142453113864192
19 89199122334232576
19 89217040405110785
19 89279527158677504
22 89439867007799296
22 89444573025280001
22 89450059174920192
22 89451841754116096
22 89452038857048064
22 89453422977363970
22 89455859884761088
22 89460167430774784
22 89461035634921472
22 89461903864250369
22 89462990214152192
22 89471886299373568
22 89474730037489664
22 89478760772018177
22 89479847117733888
22 89482783130525697
3 89498478216089601
22 89498557895286784
3 89498910216814595
22 89500571161198593
3 89503989518974977
3 89505629479256065
3 89508162830483456
3 89510851417092096
3 89513430897262593
3 89519143543504896
3 89524700971147264
3 89532292665581568
22 89532292690743296
22 89536524722520064
22 89547224387829760
3 89556741284564993
22 89558238630133760
22 89569705886621697
22 89590543167926272
3 89594062180581376
22 89595391804317696
22 89595492471799808
22 89602249457799169
22 89602626957750272
3 89605252592050176
22 89612991082934273
22 89614639436017664
22 89616539485077504
3 89626744209932288
22 89633081824247808
22 89641357148307456
22 89642648993927169
5 91111200653455360
5 91112106639888384
5 91112458961428480
5 91125675230109696
5 91138245555011585
5 91188803670253568
5 91201323684466688
5 91296475644039168
5 91316922905407488
5 91333393945591808
5 91401081594187776
23 91515074405081089
23 91515326075912193
23 91515518984523776
23 91516357866307584
23 91516731155161089
23 91519486808702976
23 91536117211467778
23 91563543794683904
23 91811863335149568
21 93581339563008000
21 93583315071795200
21 93591053558480896
21 93595499512336384
21 93596539703926784
21 93598766891929600
21 93598792032583681
21 93602009055363072
21 93606195000119296
21 93606702485749760
21 93612079583469568
21 93613614702923777
21 93619394470625281
21 93619503501549568
21 93619595780423680
21 93633533444227072
21 93634741437333504
21 93636402364948481
21 93638403064729600
21 93642588984324097
21 93642593140871170
21 93647114613161984
21 93655629054484481
21 93656899941179392
21 93662222491983873
21 93666156774305795
21 93667985461493760
21 93669667402563585
21 93674532765843456
21 93676638344200192
21 93678156644495360
21 93678211170451456
21 93678236361433088
21 93679423336878080
21 93681696645464064
21 93694854177099776
21 93697127489863680
21 93697748246859776
21 93698058637938689
21 93698218008907776
21 93700541678485505
21 93702789812858880
21 93704522064609280
21 93711790768263168
21 93714013782945793
21 93728203117572097
21 93728861589749760
21 93732128960937984
21 93745244570533889
21 93745575895379968
21 93747584992149504
21 93751422784516097
21 93753113076441088
21 93753364747259904
21 93755201848221696
21 93757911335059456
21 93757999415443456
21 93758091723685888
21 93761518474248192
21 93766744543473664
21 93770502673408000
21 93782653572087808
21 93783475626328064
21 93795890782945280
21 93795999834836992
21 93798285743104000
21 93804069675732992
21 93806057784213504
21 93808092004876288
21 93810994446471168
21 93824592388423680
21 93831701750497280
21 93834788737269760
21 93840652374257665
21 93843403850252288
21 93852161565409281
21 93852992041787392
21 93865063244496897
21 93873758049284097
21 93877281226899456
21 93891533501251584
21 93897371951439874
21 93902463861669889
21 93913687810768896
21 93913691988307970
11 93918632903581696
21 93928447570743297
11 93934646743674881
2 93982642155945984
2 93983036424716288
2 93983132906299392
2 93983422288109568
2 93983430706069504
2 93983455876100096
2 93983476818264065
2 93983485232029696
2 93983585865957376
2 93983657194299392
2 93983954998276096
2 93984089186639872
2 93984152109596672
2 93984173068525568
2 93984244388466689
2 93984336679931904
2 93984345068539904
2 93984387003187200
2 93984881901699073
2 93984919683997696
2 93984970015637504
2 93985351667949568
2 93985381049049088
2 93985460740825088
2 93985951449235456
2 93986295419904000
2 93986442207965184
2 93986563817619456
2 93987008418025472
2 93987411071209473
2 93987528541093888
2 93987570467340289
2 93987616613089280
2 93987713090469888
2 93987838915395584
2 93987914400276480
2 93988128313974784
2 93988178658205696
2 93989059462041600
2 93989688574087169
2 93989759877267456
2 93990296748179456
2 93990401605775360
2 93990913340227584
2 93991567647449088
2 93991940944691200
2 93992087715979264
2 93992502968852480
2 93992901410947072
17 94400814252179456
17 94402345202487297
17 94403393749139456
17 94403708334510081
17 94404412998553600
17 94405331525967873
17 94405432180879360
17 94405608371003393
17 94405767733579776
17 94405881004965888
17 94410045932044288
17 94410737988026368
17 94412658975047680
17 94412692550459392
17 94414319911055360
17 94414735147147264
17 94414869381644288
17 94421974549397504
17 94422482026639362
17 94424252039700480
17 94428840608272384
17 94433567576301569
17 94436356796854273
17 94437149516103681
17 94439603179757570
18 94440177828761601
18 94440676929970176
18 94440907612499968
18 94441197015285760
18 94441490629132290
18 94441771647504384
18 94442300121415680
18 94442681828257792
18 94442933457137664
17 94443029926129665
18 94443461943640066
18 94443533276164096
18 94443935929335808
18 94444179169607680
18 94445181620858880
17 94447320694923264
18 94447844987121664
18 94449103274119168
18 94449484968366080
17 94452127371505665
18 94452324537339904
18 94456111972876290
18 94456195846385666
18 94458209124876288
18 94458309771399168
18 94466828411211776
18 94470481654194177
18 94472729801142272
18 94473262473551873
18 94475741324001280
18 94476638884069376
18 94484134113714176
18 94488844333875200
18 94507743863513088
18 94574945002196992
1 94801731006894080
1 94801873634213888
1 94802733437169664
1 94803010257039361
1 94803022852538369
1 94803333218439168
1 94803370971377664
1 94803542958817280
1 94803744285396992
1 94803966570934272
1 94804004323860480
1 94804260193185792
1 94804805431734272
1 94804939670437888
1 94805069689667584
1 94805094842892289
1 94805254234832896
1 94805291991957504
1 94805304562302976
1 94805321356296192
1 94805392621715456
1 94805442974326784
1 94805489103286272
1 94805514260709376
1 94805543620841472
1 94805589787545600
1 94805711405596672
1 94805736563015681
1 94805757534539776
1 94805765948313600
1 94805770130046976
1 94805828846104577
1 94805879194533888
1 94805883376250880
1 94805912719593472
1 94805929513582592
1 94805971439861760
1 94805992415567872
1 94805996605685760
1 94806097298325504
1 94806172779036672
1 94806181167636480
1 94806202122379264
1 94806265053724672
1 94806277649219584
1 94806286021042176
1 94806327972474881
1 94806357332602881
1 94806357336793088
1 94806374101426178
1 94806395089719296
1 94806445396201472
1 94806575428014080
1 94806583820824576
1 94806625751285760
1 94806692893696000
1 94806722232848385
1 94806743225335808
1 94806785143214080
1 94806810317422592
1 94806831288946688
1 94806881616412672
1 94806902587916290
1 94806906790621184
1 94806919381921792
1 94806931956445185
1 94807003251224576
1 94807020032630784
1 94807020041019394
1 94807040999956480
1 94807045206851584
1 94807053599637504
1 94807087145684992
1 94807103922913280
1 94807154250354688
1 94807166820679680
1 94807166841663488
1 94807171035971584
1 94807175230275584
1 94807179407794176
1 94807221338243072
1 94807250731925504
1 94807267475591168
1 94807275901943808
1 94807292674969600
1 94807296844103681
1 94807309435416576
1 94807322001547264
1 94807334584459264
1 94807393342459905
1 94807414297214976
1 94807418470535168
1 94807418491502592
1 94807452024975360
1 94807452050137090
1 94807493993185280
1 94807523344916481
1 94807561093656576
1 94807603049267200
1 94807653376720896
1 94807661740175361
1 94807691125460992
1 94807691138052096
1 94807699514064897
1 94807716282908672
1 94807724667322369
1 94807741448728577
1 94807766610354177
1 94807766618734593
1 94807774998962177
1 94807787590270976
1 94807791801339905
1 94807791801352192
1 94807812764479489
1 94807816937811968
1 94807816946204672
1 94807821153075200
1 94807821161472000
1 94807833706643456
1 94807846293733377
1 94807871488917504
1 94807926010675200
1 94808009896759296
1 94808014074286081
1 94808014082674688
1 94808030847307776
1 94808072807133184
1 94808072815517697
1 94808085381648384
1 94808085394243584
1 94808093766066176
1 94808106348969984
1 94808110534897664
1 94808110551670784
1 94808118952869888
1 94808123126194176
1 94808165077626880
1 94808190230872066
1 94808228008960000
1 94808232182300672
1 94808240558313472
1 94808240558325761
1 94808261538222081
1 94808278332215296
1 94808353821302784
1 94808362209914880
1 94808362214105088
1 94808370594328576
1 94808378995523584
1 94808387367346177
1 94808391565848576
1 94808408330469376
1 94808425132851200
1 94808458678910976
1 94808467050729473
1 94808467054923776
1 94808479642030080
1 94808488043216896
1 94808500617744384
1 94808504799465474
1 94808513188073472
1 94808521606037505
1 94808525800341504
1 94808529982066688
1 94808529998856194
1 94808538353897473
1 94808550932611073
1 94808550932627457
1 94808559338004481
1 94808559354773504
1 94808563540697088
1 94808584487059456
1 94808609665458176
1 94808613868150785
1 94808626467844097
1 94808634831286272
1 94808643211505664
1 94808685167128576
1 94808697750036480
1 94808706147041280
1 94808714514665474
1 94808718734131201
1 94808756461907968
1 94808760647815169
1 94808773260095488
1 94808781652897792
1 94808806797737986
1 94808819384860673
1 94808827786047488
1 94808831984545792
1 94808865517998081
1 94808865522200576
1 94808886510501888
1 94808894882328576
1 94808928453541888
1 94808941019664384
1 94808970375606273
1 94808974582480896
1 94808974586683392
1 94808978785185792
1 94808982954323968
1 94808991347122176
1 94809008136921089
1 94809008145309696
1 94809024897351680
1 94809037484466176
1 94809050054799360
1 94809050071572482
1 94809054253289473
1 94809083634401280
1 94809104593338368
1 94809108800208897
1 94809113007112193
1 94809121370554369
1 94809142333669376
1 94809142346268672
1 94809159131873280
1 94809163330363393
1 94809175900700672
1 94809184310276096
1 94809188491988993
1 94809205244051456
1 94809205256622080
1 94809213641031680
1 94809251402354689
1 94809259790974977
1 94809289142706176
1 94809310126817282
1 94809310139387904
1 94809322697138176
1 94809322701336577
1 94809335275851776
1 94809339482734593
1 94809352061452289
1 94809364648566784
1 94809402414084096
1 94809410802683904
1 94809419166130176
1 94809431765819392
1 94809435960123392
1 94809435968520193
1 94809440150228993
1 94809452733153280
1 94809465320259584
1 94809469518753794
1 94809473700478977
1 94809477886386176
1 94809528243200000
1 94809570165264385
1 94809578558062592
1 94809599508619265
1 94809599512817664
1 94809624707989504
1 94809649848655872
1 94809654068129793
1 94809654072315904
1 94809679204589568
1 94809679208783873
1 94809691795898368
1 94809725354512384
1 94809733747314688
1 94809742114951168
1 94809742152699904
1 94809746317647872
1 94809750541303808
1 94809754697859073
1 94809754706259970
1 94809758904754176
1 94809775702941696
1 94809796678647808
1 94809800851992578
1 94809809223819265
1 94809817616625664
1 94809842790842369
1 94809846993534976
1 94809851204612096
1 94809851204612096
1 94809851204612096
1 94809851204612096
1 94809855394709505
1 94809859576442880
1 94809880547962880
1 94809901527863297
1 94809914106593281
1 94809935078113280
1 94809951830155264
1 94809960222961664
1 94809964417257474
1 94809968619945984
1 94809972810072064
1 94809981194477568
1 94809981211246592
1 94810010562990082
1 94810010567180288
1 94810014765690880
1 94810039927320576
1 94810039939903488
1 94810044109037568
1 94810065105719297
1 94810065114116097
1 94810098634997760
1 94810102837682177
1 94810123805011968
1 94810123830177793
1 94810178326773761
1 94810178351927296
1 94810186715369472
1 94810186736345090
1 94810190922268673
1 94810195137544192
1 94810203521949696
1 94810203526139904
1 94810224459911169
1 94810224485081088
1 94810241245523968
1 94810249646710784
1 94810249650905089
1 94810253820047361
1 94810253828423680
1 94810270635016192
1 94810274825109504
1 94810287391256577
1 94810312552886273
1 94810325127397377
1 94810337727090689
1 94810371285721088
1 94810375454863360
1 94810375463247872
1 94810379657551873
1 94810396447350784
1 94810400620691456
1 94810413207781376
1 94810413216174080
1 94810413220372480
1 94810413228761089
1 94810417410486272
1 94810429980807169
1 94810438386192384
1 94810442580508673
1 94810467729543169
1 94810471953219584
1 94810492928925697
1 94810505503453185
1 94810518086369280
1 94810522259697664
1 94810555826704384
1 94810568430587904
1 94810576806617092
1 94810585178443777
1 94810585182642176
1 94810585203621889
1 94810589381140480
1 94810601959858176
1 94810610369433600
1 94810631328366593
1 94810652312477696
1 94810656506781696
1 94810660705275904
1 94810681676804097
1 94810685862715392
1 94810698424647681
1 94810698441441280
1 94810711007571968
1 94810711007571969
1 94810715227041792
1 94810719412944896
1 94810719412953088
1 94810723590483968
1 94810723607248896
1 94810736177582081
1 94810757140721666
1 94810765537722368
1 94810765550292993
1 94810769752989696
1 94810778129018881
1 94810782335893504
1 94810824266358784
1 94810841051967488
1 94810845246263296
1 94810845254656003
1 94810849436381184
1 94810862019293186
1 94810895552753665
1 94810895565328384
1 94810895582117888
1 94810895582117888
1 94810895582117888
1 94810895582117888
1 94810912350932992
1 94810933301485568
1 94810937499975680
1 94810941690085378
1 94810941719445506
1 94810945909571584
1 94810945913753601
1 94810962678394880
1 94810966872694786
1 94810971062808576
1 94810975244525568
1 94810983658299393
1 94810996245409792
1 94811017204338688
1 94811038188445697
1 94811063345872896
1 94811067523416064
1 94811071730294784
1 94811080097923072
1 94811084304814080
1 94811092714397696
1 94811101103009792
1 94811109487423489
1 94811126235279360
1 94811126243667968
1 94811130454753280
1 94811143041843201
1 94811147210981376
1 94811147210997762
1 94811164009181184
1 94811168186699776
1 94811168211861504
1 94811172372611072
1 94811172385210370
1 94811176604663808
1 94811189175001088
1 94811210159108096
1 94811218526732289
1 94811222712659969
1 94811226898575360
1 94811226906955776
1 94811231097069568
1 94811231101272064
1 94811239506640897
1 94811252068581376
1 94811252081164288
1 94811252081168384
1 94811260490756096
1 94811277251198977
1 94811285652377600
1 94811294007431169
1 94811294036803584
1 94811298222710785
1 94811310788849664
1 94811319211003905
1 94811327578652673
1 94811344360062978
1 94811348550156289
1 94811348571140096
1 94811352736088064
1 94811361116295169
1 94811365331582976
1 94811377910300672
1 94811415659032576
1 94811428250320896
1 94811432423653376
1 94811432453013505
1 94811436643123200
1 94811436647329792
1 94811445035933696
1 94811465978097666
1 94811470172393472
1 94811474375081984
1 94811482755301376
1 94811486953816064
1 94811491173281792
1 94811528926216192
1 94811537289646080
1 94811541509111810
1 94811545665671168
1 94811545665683457
1 94811545699233792
1 94811549897723904
1 94811566641393666
1 94811587646459904
1 94811600208396288
1 94811608601198593
1 94811625361637376
1 94811629576929281
1 94811633754447874
1 94811633767030784
1 94811637952942080
1 94811637973925888
1 94811642143055874
1 94811663127162880
1 94811667304677376
1 94811675693301761
1 94811688288796672
1 94811688305557504
1 94811713463009281
1 94811717636337664
1 94811721834827776
1 94811721839017985
1 94811751215935488
1 94811759575179268
1 94811767980568576
1 94811772162285569
1 94811776352387072
1 94811788947881984
1 94811788952088576
1 94811793129607170
1 94811797328109568
1 94811797332299776
1 94811805720911873
1 94811814126288896
1 94811818324791296
1 94811843478040576
1 94811847659765760
1 94811856069337089
1 94811860251058176
1 94811881239355392
1 94811885408485376
1 94811897987211264
1 94811902181511169
1 94811902215069696
1 94811906380013568
1 94811906405187584
1 94811910574309376
1 94811918988087298
1 94811931558428673
1 94811944124555264
1 94811990261891072
1 94811990266097664
1 94811994464583680
1 94812002844811264
1 94812002857390080
1 94812015444492289
1 94812032209141760
1 94812032242679808
1 94812044787843072
1 94812053180657664
1 94812053205827584
1 94812057400131585
1 94812065759371266
1 94812069953683456
1 94812086747664385
1 94812090958757888
1 94812099318001664
1 94812099330572288
1 94812099338973184
1 94812103512297472
1 94812103516504064
1 94812107702415360
1 94812124517380096
1 94812128682319872
1 94812128686518272
1 94812145476317184
1 94812162232561664
1 94812174819672064
1 94812183220846592
1 94812187427737601
1 94812208369901568
1 94812212564213761
1 94812225176477697
1 94812229345615873
1 94812229345619968
1 94812229358198786
1 94812229366583296
1 94812246139604993
1 94812258697351168
1 94812258718334976
1 94812267085971457
1 94812279677263872
1 94812283863179264
1 94812283884150784
1 94812292285349889
1 94812296479653888
1 94812304864059393
1 94812309045780480
1 94812309049982977
1 94812313256853504
1 94812317417611264
1 94812325827182592
1 94812371951943680
1 94812401324658688
1 94812413924360192
1 94812430668017666
1 94812451664695296
1 94812451668889600
1 94812455842226176
1 94812460032327680
1 94812460053307393
1 94812464239226880
1 94812514549899265
1 94812514558287872
1 94812531348094976
1 94812539745087488
1 94812556530679810
1 94812560720789504
1 94812577493815297
1 94812581667160066
1 94812590068338688
1 94812590068346880
1 94812594275225600
1 94812602651250688
1 94812640404180992
1 94812644573323265
1 94812652966129664
1 94812673954414592
1 94812678140338176
1 94812678161313792
1 94812682322063360
1 94812682343022592
1 94812699124449280
1 94812707504652288
1 94812711698964480
1 94812711707348992
1 94812711715745792
1 94812715876495362
1 94812720070803456
1 94812720074981376
1 94812736868982784
1 94812753625231361
1 94812770423414786
1 94812774600941568
1 94812783014715393
1 94812791394942976
1 94812795593433088
1 94812803965259777
1 94812808155365376
1 94812808188932096
1 94812816577540096
1 94812829126897664
1 94812845908295680
1 94812850106793984
1 94812858512183296
1 94812887859736576
1 94812892062433280
1 94812896260919298
1 94812908852224000
1 94812913021353984
1 94812938191380480
1 94812950770098176
1 94812954956005377
1 94812971745812481
1 94812980138606592
1 94813009507127296
1 94813009515511808
1 94813034647781376
1 94813043044794370
1 94813043048972289
1 94813072413298689
1 94813076616003585
1 94813076620189697
1 94813076620193794
1 94813084979445760
1 94813110166237185
1 94813110174629890
1 94813114352140288
1 94813118554836993
1 94813118567432193
1 94813135323668480
1 94813135327858688
1 94813147927556096
1 94813202424139776
1 94813202436726784
1 94813214998671362
1 94813244383961088
1 94813261144408065
1 94813261148590081
1 94813277934206976
1 94813286310215680
1 94813294698827777
1 94813294719807490
1 94813303108407296
1 94813311505416192
1 94813315682930689
1 94813319873040386
1 94813328278437888
1 94813332468547584
1 94813336646062080
1 94813340861341696
1 94813345051455488
1 94813357621780481
1 94813366031368192
1 94813391163633664
1 94813391172018176
1 94813395362123777
1 94813416342044672
1 94813424739041280
1 94813433140215809
1 94813437309366272
1 94813449917431810
1 94813454082375680
1 94813458289262592
1 94813466686259201
1 94813483455102977
1 94813512806838273
1 94813521191243778
1 94813521216417792
1 94813525385551872
1 94813525389750272
1 94813537972658178
1 94813542166966273
1 94813542166970368
1 94813546361257984
1 94813550551375872
1 94813571514515456
1 94813571531288576
1 94813584126775296
1 94813588300103680
1 94813588304306176
1 94813613478526976
1 94813621879717888
1 94813626040451072
1 94813626057244672
1 94813634437455873
1 94813663801769984
1 94813684798459904
1 94813705769975809
1 94813709926543360
1 94813709939126272
1 94813726720540672
1 94813726724718593
1 94813735125917696
1 94813756084850688
1 94813764456693761
1 94813781250678786
1 94813785440780288
1 94813789622509569
1 94813789656059904
1 94813802230579200
1 94813810606620674
1 94813810615009281
1 94813814813503489
1 94813823206297600
1 94813831561363456
1 94813831565553664
1 94813844165234688
1 94813844173619200
1 94813852545466368
1 94813856731381760
1 94813856739753984
1 94813869310095360
1 94813873529565184
1 94813873542135808
1 94813881901383680
1 94813894505271296
1 94813898682810368
1 94813898686988288
1 94813907075612672
1 94813915451633664
1 94813919671107584
1 94813919679479808
1 94813923840245761
1 94813928042934272
1 94813940642611200
1 94813961605742592
1 94813961618325504
1 94813974180270081
1 94813986750599169
1 94813986750603264
1 94813995139219456
1 94814003548786688
1 94814011937402880
1 94814024524509185
1 94814037120000002
1 94814053863661568
1 94814053863669760
1 94814062269038593
1 94814070636679169
1 94814074830991360
1 94814087418085377
1 94814087426482176
1 94814100021968896
1 94814104212086784
1 94814112596504577
1 94814121001881600
1 94814133584805888
1 94814137758134272
1 94814137762332673
1 94814150362021889
1 94814162936545280
1 94814171333529600
1 94814179705360384
1 94814204867002368
1 94814238408847361
1 94814246797447168
1 94814255198642176
1 94814267768971265
1 94814276186947584
1 94814297129099264
1 94814305517715456
1 94814305526099969
1 94814309728784384
1 94814313914703872
1 94814322328473600
1 94814330696118273
1 94814330712891393
1 94814334903001089
1 94814339093114881
1 94814347460755456
1 94814351663439873
1 94814376833454082
1 94814381019377665
1 94814381031952384
1 94814385234649089
1 94814435570483201
1 94814481686867968
1 94814485872783360
1 94814494286557184
1 94814511042801665
1 94814511042801666
1 94814511055388673
1 94814523625709569
1 94814544630792192
1 94814548820885504
1 94814553010995200
1 94814557184335872
1 94814557209505792
1 94814561399619584
1 94814578160058369
1 94814586573815809
1 94814607511789568
1 94814607545335808
1 94814611714490368
1 94814615908794370
1 94814624322551808
1 94814657839247360
1 94814670451511296
1 94814678823342081
1 94814691410452481
1 94814699799052288
1 94814712373575680
1 94814716597248001
1 94814724969074688
1 94814758531891200
1 94814758540288000
1 94814771114803200
1 94814775296524289
1 94814779478249473
1 94814779495026688
1 94814779507605505
1 94814792077946880
1 94814808834179072
1 94814817226985472
1 94814817226985473
1 94814817252155392
1 94814825644965888
1 94814838206902272
1 94814850802393089
1 94814867571224577
1 94814867579617280
1 94814875959820289
1 94814880158334976
1 94814884331663362
1 94814888538554368
1 94814917902872577
1 94814930468995072
1 94814930494169089
1 94814943068688384
1 94814947267190784
1 94814951448915969
1 94814951461494784
1 94814955668385792
1 94814968242905088
1 94814980817428480
1 94814989222817793
1 94814993408729089
1 94815001784745984
1 94815001784745984
1 94815001784745984
1 94815001784745984
1 94815005974872064
1 94815026971549696
1 94815035335000064
1 94815060496617472
1 94815073104691201
1 94815102460628992
1 94815106629767168
1 94815106650738688
1 94815119237857281
1 94815123419566080
1 94815131808174080
1 94815165379391488
1 94815165383581696
1 94815190515855361
1 94815194743701505
1 94815203102957568
1 94815203128119297
1 94815207330811904
1 94815219875971073
1 94815224074473473
1 94815228302331904
1 94815236682563585
1 94815240864272387
1 94815253468168192
1 94815257649881088
1 94815266025906176
1 94815282807320576
1 94815286997422080
1 94815299584528385
1 94815303799812096
1 94815324746162176
1 94815328948862976
1 94815362499096576
1 94815362511671297
1 94815370875109376
1 94815370891890689
1 94815387664908288
1 94815400256225280
1 94815437992378368
1 94815467348312064
1 94815475749494784
1 94815488332410880
1 94815500915318785
1 94815505126400000
1 94815547065249792
1 94815551234375680
1 94815555420295168
1 94815555428696064
1 94815601557651456
1 94815601586999297
1 94815605756149761
1 94815609946247168
1 94815614157340672
1 94815618355838976
1 94815630917771264
1 94815630934548480
1 94815630951333888
1 94815639323156480
1 94815639339941890
1 94815643530051585
1 94815647728541696
1 94815651918647296
1 94815651918655490
1 94815677076078592
1 94815681253613568
1 94815681278779392
1 94815689658998784
1 94815702233530369
1 94815706415239168
1 94815714829017089
1 94815719027515392
1 94815727407726592
1 94815727407742976
1 94815731602034688
1 94815765152272384
1 94815777735180289
1 94815777751957504
1 94815823859949570
1 94815828075229185
1 94815853241057280
1 94815857422761985
1 94815895184084992
1 94815899361619968
1 94815916130439168
1 94815941308858368
1 94815953887567872
1 94815970685755392
1 94815974871666689
1 94815983277056000
1 94815987437801472
1 94815991640506370
1 94816000045887488
1 94816058766143488
1 94816062935285760
1 94816067154755584
1 94816083910987776
1 94816088105295872
1 94816109089390592
1 94816109097779200
1 94816109097779200
1 94816109097779200
1 94816109097779200
1 94816113262731264
1 94816130065117184
1 94816138453712896
1 94816138457915392
1 94816142631243776
1 94816142635450369
1 94816163594371072
1 94816167788679169
1 94816167792869376
1 94816176215035905
1 94816188764405760
1 94816197186560000
1 94816201368281090
1 94816205545816064
1 94816218120327169
1 94816230707445760
1 94816264261873664
1 94816272650469378
1 94816289461239808
1 94816293642977282
1 94816302039965696
1 94816306221682688
1 94816310428581889
1 94816322990505986
1 94816322994716672
1 94816322998894592
1 94816331387502593
1 94816335598592000
1 94816348177305600
1 94816348177305602
1 94816356540747776
1 94816369144627200
1 94816381714972673
1 94816390095183872
1 94816411087683584
1 94816436236713985
1 94816448819634176
1 94816448828018688
1 94816465596841984
1 94816469795348481
1 94816473998045184
1 94816486576766976
1 94816515941072897
1 94816515949461504
1 94816528498831360
1 94816545313796097
1 94816570446069760
1 94816570458644480
1 94816570458652672
1 94816603996291073
1 94816612401692672
1 94816620781907968
1 94816675307855873
1 94816683709050881
1 94816687915933696
1 94816692101844992
1 94816721466175488
1 94816725652082688
1 94816742416715777
1 94816742441885697
1 94816746615226369
1 94816750805331968
1 94816771806199808
1 94816805343866880
1 94816805348061185
1 94816822100099073
7 98167743869759488
7 98168020693819392
7 98168217817714691
7 98168331059724289
7 98168339452538881
7 98168603697881088
7 98168645645111296
7 98168662401355777
7 98168700171063298
7 98168863757316096
7 98168993742979072
7 98169006338482176
7 98169144767287296
7 98169228640792577
7 98169287344275457
7 98169299943948288
7 98169320902893568
7 98169320928067587
7 98169341878607872
7 98169484510113793
7 98169669038505985
7 98169690014228480
7 98169710977368064
7 98169752945561602
7 98169778102992896
7 98169803268825088
7 98169849397788674
7 98169908113842176
7 98170050728574977
7 98170159788867584
7 98170415620423681
7 98171099304574976
7 98171900399857664
7 98172198220599296
7 98172202414911488
7 98172210807709696
7 98172353388879872
7 98172353393078272
7 98172420497752064
7 98173460676747264
7 98173863359299585
7 98174547005669376
7 98174593159798784
7 98174710608691200
7 98174857384177664
7 98175150989656064
7 98175687864754178
7 98176107290968065
7 98176728056336386
7 98177122333495296
7 98177680175927297
7 98177722097999872
7 98178254778810368
7 98178649047564289
7 98179898971136000
7 98180066709745665
7 98180410659454976
7 98180494562304000
7 98180620387229697
7 98181698310782976
7 98184030327029760
7 98184634310995968
7 98186110701801473
7 98186404307288064
7 98188191076589569
7 98188845400600577
7 98193232646778880
7 98193245246464000
7 98193597542825984
7 98193631114035203
7 98193949881151489
7 98197296935731200
7 98200048382382081
7 98201914860240896
7 98202078417137664
7 98212274803703808
7 98214082515189760
7 98214615208562688
7 98216351646220290
7 98216875955195905
7 98218717221105664
7 98248001847443457
7 98294239863115776
7 98305124086194177
7 98310727697309696
7 98318034162286592
7 98326942843023360
7 98328691880361984
7 98329383961505792
15 99180030755749888
15 99180534063837184
15 99180576011059200
15 99180580201181184
15 99180638900453376
15 99180768928083968
15 99180844442337280
15 99180848640819200
15 99181452608016385
15 99181742023389184
15 99181997888512000
15 99182064988995584
15 99182236926087169
15 99182333395087360
15 99182358581886976
15 99182710899216384
15 99182849294467073
15 99182949974552579
15 99183268745854977
15 99183637827813376
15 99183772058140672
15 99184363463380992
15 99184392819318785
15 99185118450696192
15 99185512715268096
15 99185684660764673
15 99186536104460288
15 99187102343892992
15 99187500785999872
15 99187555316150273
15 99187811156115456
15 99188549374590976
15 99188733911367680
15 99188771651715072
15 99188914266456064
15 99188922663440384
15 99189212066222080
15 99189971247837184
15 99190646518198273
15 99191640568233984
15 99191892230680576
15 99193326670069760
15 99193771274665984
15 99194190696689664
15 99194228478980097
15 99194375275429888
15 99195474153705472
15 99195474178883586
15 99196224942505984
15 99197068014395392
15 99197273539481600
15 99197541974945793
15 99197982355894273
15 99198682821431296
15 99199240659673088
15 99199991423320064
15 99200180187955200
15 99200620581486594
15 99201090339340288
15 99203992789331968
15 99204236050579457
15 99207927063265280
15 99208682025385985
15 99208992412286976
15 99210359734415361
15 99211139912712192
15 99212763099963392
15 99214172390293504
15 99221118149337088
15 99222300934672384
15 99223194334019584
15 99224398090878976
15 99225262130069504
15 99225660563800064
15 99225874485882882
15 99226637849214976
15 99230366568689666
15 99234317615636481
15 99235659784527872
15 99235793993875456
15 99237249434136576
15 99242890768826368
15 99245927449116672
15 99247567426158592
15 99252483150454784
15 99255230415384576
15 99258426491797504
15 99260162916880385
15 99263283470675968
15 99263417680003072
15 99266429198675969
15 99273815368011776
15 99276155793842176
15 99281419632775168
15 99285081264361472
15 99289204286173184
15 99292127703482368
15 99295961318301696
15 99298679197933569
15 99304391869345793
15 99309609579319296
15 99315980722905088
15 99323735982612480
15 99332636287303681
15 99335144481099777
15 99336381804982272
15 99338235712507904
15 99342685869047808
15 99350977978712064
15 99353163215282176
15 99354572501434368
15 99355369406607360
15 99362009002409984
15 99367574856417280
15 99370720559251456
15 99373845332508673
15 99375711806160897
15 99377339208695808
15 99383257346482176
15 99384633090768896
15 99390337340030977
15 99393294320156672
15 99409484350369792
15 99410138649202688
15 99412177059971072
15 99423153561939968
15 99425305252478976
6 99635469243006977
6 99635599274807296
6 99635767051165696
6 99636031258767361
6 99636907868295169
6 99636970816405505
6 99637126001459202
6 99637272781144064
6 99637419611136000
6 99637507666345984
6 99637599957815296
6 99637692219920384
6 99637759324598272
6 99637826425065472
6 99637868380696577
6 99637977432600576
6 99637985812815872
6 99638107468595201
6 99638115844624384
6 99638266835374080
6 99638422028812288
6 99638455579066369
6 99638497522102272
6 99638648525426689
6 99638648529620992
6 99638791114989568
6 99638854029549570
6 99638921142607873
6 99639051187003393
6 99639202169372674
6 99639231525298176
6 99639231537885184
6 99639239934869504
6 99639315411386368
6 99639567090589696
6 99639667737100288
6 99639722279833600
6 99639734829187072
6 99639747441467392
6 99639814537756673
6 99639973925490688
6 99640049406197760
6 99640091378585601
6 99640250757947392
6 99640317850034176
6 99640384954703872
6 99640393372680192
6 99640477246169088
6 99640544334053378
6 99640577892683776
6 99640611468087296
6 99640846349107200
6 99640942797144064
6 99640951202529280
6 99641064461320192
6 99641093792088066
6 99641152512339969
6 99641320276107264
6 99641584555003904
6 99641639059988480
6 99641701966155776
6 99641848758411264
6 99642003972820992
6 99642104615141376
6 99642108830425089
6 99642268209786881
6 99642280788496384
6 99642314334543872
6 99642352108453888
6 99642364691349504
6 99642394022117376
6 99642566001164288
6 99642574377201664
6 99642603741528065
6 99642616328634368
6 99642708590739456
6 99642775716368387
6 99642834457604096
6 99642972869632000
6 99643220312604672
6 99643283248128000
6 99643564228755456
6 99643589398769664
6 99643614598152193
6 99643643933102080
6 99643677479145473
6 99643765576314880
6 99644126265491456
6 99644302447222784
6 99644352770482177
6 99644398920413184
6 99644453450563584
6 99644587672469504
6 99644705087827968
6 99644768031744000
6 99644847706738688
6 99644898046779392
6 99645204205805569
6 99645300691578880
6 99645397152174080
6 99645422309617664
6 99645598487166976
6 99645632028999680
6 99645774656315392
6 99646110171275264
6 99646349259190273
6 99646395409104896
6 99646462522171393
6 99646533795971072
6 99646533825331200
6 99646676435869696
6 99646978413178881
6 99647011980189696
6 99647028744830976
6 99647154582327296
6 99647167144280064
6 99647213294190592
6 99647330722127872
6 99647402021101569
6 99647758545330176
6 99647800479981569
6 99648060560375810
6 99648064742113280
6 99648144421302272
6 99648245109760000
6 99648484168310784
6 99648618381852673
6 99648681292218368
6 99648765182484482
6 99648777782169600
6 99649033601155072
6 99649088131309569
6 99649146876727298
6 99649239159816192
6 99649440461238272
6 99649507595268096
6 99649541128716288
6 99649675354841088
6 99649679553343488
6 99649704719171584
6 99649796985470976
6 99649876685619200
6 99650291896549376
6 99650329678848000
6 99650656809385984
6 99650715529654273
6 99650799428313088
6 99650891715575808
6 99651197862019072
6 99651436941541376
6 99651457929854976
6 99651621503516672
6 99651671851933696
6 99651868954869760
6 99651957039448065
6 99652003176783873
6 99652514873475072
6 99652678468124672
6 99652892360835072
6 99652925927866368
6 99653613806301184
6 99653739614445568
6 99653760606937088
6 99653928391684096
6 99654003868176384
6 99654402343841792
6 99654532333711360
6 99654578475241472
6 99654616253333504
6 99654691742416896
6 99654712705560579
6 99655270531207168
6 99655660635033601
6 99655778058764289
6 99655824196124672
6 99656101036961792
6 99656340099694592
6 99656470114729984
6 99656570782236672
6 99656604340858880
6 99656721793953792
6 99656776311504896
6 99656960869281792
6 99657069896024064
6 99657111847436288
6 99657132814766080
6 99657824900104192
6 99658307240865792
6 99658621796876289
6 99658923786780672
6 99659087385595904
6 99659825570521088
6 99659968164274176
6 99660148544503808
6 99660798636470272
6 99662178562490368
6 99662300193107970
6 99662631534739458
6 99662937744097280
6 99663176832000000
6 99663575278297088
6 99663709475061760
6 99663818556309504
6 99664124715347969
6 99664384774766592
6 99664598663299072
6 99665101992370176
6 99665429152268289
6 99666125394153472
6 99666154771070976
6 99666658074951680
6 99666796482793472
6 99666884558983168
6 99667090100846592
6 99668193186033664
6 99668755252129792
6 99669044659105792
6 99669132705935361
6 99669929644654592
6 99670273573400576
6 99670432952758272
6 99670701400793088
6 99670898541477888
6 99670957232369665
6 99671888367853569
6 99672010023645184
6 99672517538627584
6 99672857256280064
6 99673012453900289
6 99675252199669760
6 99675747135922178
6 99677051560267777
6 99677391324053504
6 99677944938639360
6 99678502785269760
6 99678544757669888
6 99678943182987264
6 99679014486163456
6 99679350034665472
6 99680553829269504
6 99680956469870592
6 99681082299006976
6 99681824707584000
6 99682097320562688
6 99682340594388992
6 99682642571698176
6 99683137503768576
6 99684416783257601
6 99684697789042689
6 99685003969036288
6 99685142385270785
6 99686232921092097
6 99687126299451392
6 99688619442307072
6 99689168908713984
6 99689466725269505
6 99691098313723905
6 99692012642635776
6 99692906058760192
6 99693505806475264
6 99695175147859968
6 99695217099284481
6 99697393964036096
6 99698895520665600
6 99700577407217664
6 99701999297245185
6 99704310358736897
6 99705082093899776
6 99705916789768192
6 99707984543883265
6 99708156518739968
6 99708974433185792
6 99709054091411456
6 99709913923719168
6 99710111072780289
6 99711381959491585
6 99712204038864896
6 99713844011737088
6 99714317976473600
6 99714431214305281
6 99714447970545664
6 99714460574433280
6 99716243157819392
6 99716683530371072
6 99716960362823680
6 99717589504229376
6 99717929268019200
6 99718080250396673
6 99719053328920576
6 99719120458756096
6 99719774740815872
6 99720345187127296
6 99720483582382080
6 99720596828590080
6 99721355993419776
6 99721729303261184
6 99722157118074880
6 99722870137163778
6 99722975007346688
6 99726879916949504
6 99728159183867905
6 99732307325353984
6 99732340875591680
6 99732491899899904
6 99732760297619456
6 99734266077904896
6 99734270276415488
6 99735285297979392
6 99737193693720576
6 99737973825863680
6 99740175827083264
6 99742503695163392
6 99742520472387584
6 99743539692445696
6 99744567296921600
6 99744621789327360
6 99744881865539584
6 99756105806249984
6 99756659479547904
6 99756982419996672
6 99758483985018880
6 99759805178200064
6 99760140722503680
6 99760987992887296
6 99761877176954881
6 99762082697838592
6 99766084072247296
6 99770152534540289
6 99775521247858688
6 99775542231961600
6 99775617716862977
6 99777941361262593
6 99779400987451392
6 99786594202034176
25 99934892195983360
25 99935424906149888
25 99937463342080000
25 99940105745219585
25 99940357395062784
25 99940613230833664
25 99940701307015170
25 99942005756534784
25 99943402472357888
25 99946418181115904
25 99946816631611393
25 99948712431853568
25 99950323052978176
25 99951367443054592
25 99957130429341697
25 99963207946469378
25 99965040853123072
25 99968123679158272
25 99968253719347201
25 99972842258575360
25 99975409206181888
25 99976277422899200
25 99977799934296064
25 99977976099254273
25 99978269704720384
25 99978642980999169
25 99985546826354688
25 99986603790958593
25 99991070720536577
25 99996410052751360
