1 111452350316683266
1 94816570458644480
1 111444108542869504
1 111434822345433088
1 94808232182300672
1 113222300488314880
1 106063915422724096
1 94811260490756096
1 111477910443012096
1 99182710899216384
1 94807561093656576
1 94812413924360192
1 94811721839017985
1 111470499070091264
1 111448835515092993
1 94812044787843072
1 94809964417257474
1 111430913245720576
1 111440849535111169
1 94812560720789504
1 103095841325195264
1 112488272109903872
1 111549658186260481
1 106063856677298177
1 94815266025906176
1 94808278332215296
1 111456364299157506
1 94809352061452289
1 111440665010905088
1 111537591161069569
1 94808240558313472
1 111451188523831296
1 103087045899075585
1 94814875959820289
1 111478669607845888
1 94443935929335808
1 111441965224181760
1 94816109097779200
1 111450483876569089
1 111675134997307393
1 111506268123971584
1 94808626467844097
1 111457085715267584
1 111435204001927168
1 111426253378166784
1 93984345068539904
1 111451834446655488
1 111560781493043201
1 111478627660599296
1 111430854529646593
1 111460176925696000
1 111443261276700673
1 111515369759457280
1 94812313256853504
1 94812187427737601
1 111525461267456001
1 91333393945591808
1 111473326060355584
1 94810845246263296
1 103088702628175872
1 111450253202423808
1 99647330722127872
1 103075683508568064
1 111456624333438977
1 111441608704135169
1 111472218764091392
1 111428434433032192
1 111525830345228288
1 111434625217339392
1 94812845908295680
1 111433505342373888
1 111448818750472192
1 93694854177099776
1 111433782132879361
1 111565198086770688
1 94816515949461504
1 94814435570483201
1 111456414609842176
1 94809121370554369
1 94813546361257984
1 94812460032327680
1 94813764456693761
1 111446679655415808
1 111311631438454784
1 106067769967132673
1 111457802928664576
1 106063957332205570
1 99350977978712064
1 111489943884402689
1 111444221759733760
1 111443340972658688
1 111530041434832896
1 94816302039965696
1 111447463956713472
1 111433912189861888
1 94815899361619968
1 99670273573400576
1 111504930124206082
1 111438769177112577
1 111430355399098368
1 111474009727700992
1 111677865476628480
1 94813709926543360
1 111445400375930880
1 94803370971377664
1 94809465320259584
1 98179898971136000
1 111372998308659200
1 94812682343022592
1 94815916130439168
1 91316922905407488
1 111436894319026176
1 111442242052427776
1 111506633003241472
1 111434419675471873
1 99700577407217664
1 94444179169607680
1 106062619378589698
1 94815328948862976
1 99645204205805569
1 94815719027515392
1 111466992648724480
1 94421974549397504
1 111472956969984000
1 111463079375675393
1 111549087773491200
1 111649641992429568
1 89142453113864192
1 94810912350932992
1 93602009055363072
1 111470369055047681
1 111620806177603585
1 111456343294095362
1 111576648524115968
1 111323966882324480
1 106062703264661504
1 111449263342485504
1 111448533504241664
1 111454749487927296
1 112486007177347072
1 111441281581973504
1 99654691742416896
1 111495442621136896
1 111476119437443073
1 93698058637938689
1 111444825747881984
1 111544935399948288
1 111449993155584002
1 111466376073457665
1 111586391917477889
1 111439926788243459
1 111434251932680193
1 111551818261209088
1 94816293642977282
1 113220677301059584
1 94807020032630784
1 98175687864754178
1 111543106683416576
1 111446910316978176
1 111465252020953089
1 101813944607444992
1 94815941308858368
1 94816683709050881
1 94405331525967873
1 111428275028496384
1 111463859503644672
1 111563499389456385
1 94811629576929281
1 111589575364845568
1 111474508824715264
1 111468318048784385
1 111521694748909568
1 111439838720442369
1 94816289461239808
1 111445320679948288
1 111457874227634176
1 111476157194571776
1 101803584659800064
1 111470213895172096
1 111429277450371072
1 94811038188445697
1 94439603179757570
1 111471119860637696
1 111443471000281089
1 111466325741805568
1 111443299012853761
1 111435640243093507
1 94809679204589568
1 111442908963549184
1 111471459578286082
1 94815253468168192
1 99181742023389184
1 111438500729065472
1 94812577493815297
1 111526908264583168
1 111439645803413504
1 111456959890329600
1 111451482099941376
1 111514375709409280
1 99646395409104896
1 111443450037153795
1 111462802534825984
1 111462924157059072
1 111447426224750592
1 99188733911367680
1 101948183315353600
1 111442388848873472
1 94811352736088064
1 111458960569143296
1 111454023848173568
1 94405881004965888
1 111507954225774593
1 94816062935285760
1 106079904080203776
1 111503743152951297
1 106064041239252992
1 94810375463247872
1 111429260677353472
1 94810656506781696
1 99638921142607873
1 94812430668017666
1 111435329831047170
1 111504858846212096
1 111492670173622272
1 106063818936954880
1 94814930468995072
1 99669929644654592
1 94814615908794370
1 111435464082341888
1 111470415217565696
1 94810014765690880
1 111448143438155777
1 94814888538554368
1 103087062659514368
1 112484019106611200
1 111475645481099264
1 99644898046779392
1 111507794846416896
1 111456133616640000
1 111580956082712576
1 94806357336793088
1 111446264415133696
1 111471539274252288
1 111470012547608576
1 111450160890003457
1 106062610956419073
1 111456448189448192
1 111467017831329792
1 91201323684466688
1 111502543552655361
1 94814305517715456
1 94816306221682688
1 111528082690686976
1 111434876862996482
1 111426194670493696
1 111491407692308480
1 111457261876023296
1 94806445396201472
1 111450781680549888
1 94811818324791296
1 111453164028432385
1 94813919671107584
1 99770152534540289
1 111641702200119297
1 94812850106793984
1 111426219836325888
1 94815488332410880
1 111547405836623872
1 99647154582327296
1 94814322328473600
1 112419263226195968
1 99640091378585601
1 111521531204599808
1 99651957039448065
1 111464455115784192
1 111435673772376064
1 101797821711269888
1 99323735982612480
1 106065463120891904
1 111456330711175168
1 111430942618423296
1 94814943068688384
1 94804004323860480
1 94813110174629890
1 106062447407931393
1 93985951449235456
1 111428652532633601
1 94810492928925697
1 111459749068935168
1 111469685412855808
1 93987411071209473
1 111577604854775808
1 94807699514064897
1 111512685379715073
1 111465625293029376
1 111532578984574976
1 111450316083437568
1 111445098386046976
1 94813852545466368
1 111453826711691265
1 93984173068525568
1 111460474712883201
1 111518419022659585
1 101130667324215296
1 111448588026003456
1 101906378658033665
1 111470511665594369
1 111479336493793280
1 101173956744196097
1 94809008145309696
1 94816356540747776
1 111531660444569601
1 94813995139219456
1 101798601822437376
1 111453633798864896
1 111572483605405696
1 111476727624110080
1 111645279941427201
1 111457006010892288
1 94810698424647681
1 111435862541217792
1 111588568761249792
1 111440954413682688
1 99640477246169088
1 111537985446625281
1 99642616328634368
1 111584089236176896
1 111439951983423488
1 111451377238159360
1 111713106002051072
1 101798287283191808
1 101914012295507968
1 111435300500275200
1 111441151550160896
1 94815970685755392
1 111437540254420992
1 99188922663440384
1 111532235051634688
1 111439129891438592
1 111466158003200001
1 111439993897107457
1 93667985461493760
1 111523443807227904
1 111615986918100992
1 93745244570533889
1 111426320474443777
1 111447522685370368
1 111554108330213376
1 111518301590532096
1 111454468461170688
1 111434151260987392
1 94808982954323968
1 111434302226575360
1 99652678468124672
1 111434100916760576
2 103086764880699392
2 103095358980231168
2 99304391869345793
2 99197068014395392
2 103077919101960192
2 89500571161198593
2 103069605991415808
2 103076975379365888
2 105441518453653504
2 103082608333815810
2 94810065114116097
2 103086899073269760
2 113271076062109696
2 94815630951333888
2 99193326670069760
2 113279569510932480
2 113229011374710784
2 106064469058269185
2 106077479764115456
2 99186536104460288
2 99647011980189696
2 93984244388466689
2 113443394818277376
2 113222719935479808
2 103073246630510593
2 94808529998856194
2 103070683910782976
2 99779400987451392
2 103078661481172992
2 103078548218195968
2 106090255639248896
2 106070127174352896
2 106064083190689792
2 94811637952942080
2 94813076620193794
2 99726879916949504
2 113234761761300480
2 93984919683997696
2 106147499512827904
2 103092724957319168
2 103087985418969088
2 113227212030877697
2 98197296935731200
2 113229971849351168
2 99190646518198273
2 113296262836658176
2 113240877052329984
2 103077382197481472
2 99255230415384576
2 103070398681325569
2 103075905831837696
2 94812795593433088
2 103086089593561088
2 103076358783115264
2 111429105492307969
2 103095245759201280
2 94811688305557504
2 103096038491033600
2 103082142740914176
2 94811906380013568
2 106066297753841664
2 103071514387156992
2 103075029226500096
2 94811226898575360
2 113224112427646976
2 99649541128716288
2 106065811243937792
2 103072885924577280
2 93992087715979264
2 103075868062121984
2 106064880074883072
2 106154332034048000
2 112443502138368000
2 99188914266456064
2 103076564312395776
2 99734270276415488
2 113226746450546688
2 111314215121321985
2 106063986725879808
2 113245729866252290
2 89569705886621697
2 99639722279833600
2 106070626304921600
2 94810849436381184
2 93679423336878080
2 94456195846385666
2 103094566286147585
2 113262444155113472
2 103077239624704000
2 106062971674968064
2 113298188030586880
2 93681696645464064
2 106063164621336576
2 89461035634921472
2 103072848163246080
2 112458937156124672
2 103079106052235264
2 93636402364948481
2 111346007941451776
2 99640317850034176
2 113230521332539393
2 106067291829043202
2 106065135948410880
2 113226633208541185
2 99656570782236672
2 112490126013243392
2 103094830502133762
2 113245704704626688
2 94816138453712896
2 99276155793842176
2 113230533890277376
2 99198682821431296
2 103091965826043904
2 89013583089901568
2 106068755624370176
2 94814313914703872
2 103082604118548480
2 103086152482955264
2 99646533795971072
2 99968123679158272
2 111497694937219072
2 103082616701460480
2 106066553639931904
2 93987914400276480
2 103081014473146368
2 106120114864267264
2 99211139912712192
2 113273408078360576
2 106258795340120064
2 103094746616049666
2 93873758049284097
2 111304475934863360
2 99373845332508673
2 98214615208562688
2 103074404241645568
2 103079349355429888
2 113308690546823168
2 103074249052397569
2 103083669475958784
2 99648765182484482
2 93753113076441088
2 94804939670437888
2 103069266236018688
2 111325288088080385
2 106062543864348672
2 99677051560267777
2 103080607617269760
2 106072471802871808
2 103086194442780672
2 94812451668889600
2 111310708670607360
2 111320573702967297
2 99712204038864896
2 89602626957750272
2 99732307325353984
2 99761877176954881
2 113261219439321088
2 113230273868607489
2 103081098371801088
2 103095329636888576
2 99193771274665984
2 103071468228845568
2 106121498992975874
2 113294270529671168
2 103078762148671488
2 94814779507605505
2 106063105888489472
2 113223374246912001
2 112509801468133376
2 113361324867723264
2 99656960869281792
2 103086513201483776
2 99669044659105792
2 99698895520665600
2 103074416841338880
2 99225660563800064
2 99651457929854976
2 106069451891417088
2 113227216220987393
2 103071682171904000
2 106065337274990592
2 103073611547557888
2 103078728598421504
2 113271050879504384
2 111332561027989504
2 99675252199669760
2 99640611468087296
2 99644302447222784
2 106080726155403267
2 99656340099694592
2 98174547005669376
2 99669132705935361
2 89505629479256065
2 99656101036961792
2 98248001847443457
2 113227841176473601
2 103074903363813376
2 112458714853818368
2 113241246138503168
2 94815727407742976
2 103087297548914689
2 103093198934650880
2 113362767733460992
2 113222661198458880
2 103081958178955265
2 99708156518739968
2 99648064742113280
2 106071779721740288
2 99182064988995584
2 112458761012129792
2 103068771312345088
2 111305289663393792
2 99644352770482177
2 99650656809385984
2 103075612230561792
2 99951367443054592
2 113234434609790976
2 89089323844112384
2 106070118768971776
2 103087419166953472
2 94414735147147264
2 99968253719347201
2 98180066709745665
2 113257264210640897
2 103087352070668288
2 111340366594195456
2 113311504941580288
2 103083073872216065
2 103079944925609984
2 101918235959631873
2 112449328018239488
2 89043438162546688
2 113220928938311681
2 93991567647449088
2 93891533501251584
2 99648777782169600
2 113230189990907905
2 99656776311504896
2 111342384079577088
2 99646349259190273
2 113331172033044480
2 99666154771070976
2 103081106752012289
2 94811218526732289
2 94804805431734272
2 99189971247837184
2 99195474178883586
2 93806057784213504
2 112515652539002880
2 89217040405110785
2 93798285743104000
2 103089122054381568
2 106083167261298688
2 112424875196551168
2 103075918418952192
2 93983485232029696
2 113450449646010368
2 113225471386320896
2 113225291043848193
2 101225878020816896
2 103067995349319680
2 113308975784656897
2 99950323052978176
2 94813110166237185
2 93983422288109568
2 113218336858451968
2 106070395605614593
2 99664598663299072
2 89014438732111872
2 113232702345449472
2 103082398601842688
2 106067597983883264
2 106151253385555968
2 106103434155008000
2 103082927071567872
2 93843403850252288
2 99759805178200064
2 98184634310995968
2 113229590201241600
2 99655778058764289
2 89055253525311488
2 94814586573815809
2 111462655759355904
2 94813844165234688
2 113455352774787072
2 103088396439793664
2 103083317141835776
2 103077159907770369
2 111338164592975872
2 113229527269916672
2 103082755121876992
2 99235793993875456
2 103067915686912000
2 99182333395087360
2 113539779936796672
2 103075691901370368
2 94812736868982784
2 99194228478980097
2 103092632720384000
2 112424900383358976
2 113232991785979904
2 103093408645652480
2 99214172390293504
2 103068599341694977
2 113495773311799296
2 103082763514679296
2 99191640568233984
2 106163010032238592
2 99648618381852673
2 103083338109169665
2 106068176835584001
2 103090678153756674
2 113221541336055808
2 113219779715796992
2 94815035335000064
2 94458309771399168
2 99673012453900289
2 93676638344200192
2 111320296862130176
2 99234317615636481
2 99668193186033664
2 113223558783696896
2 113306744414945280
2 106064703930908672
2 103078409814556672
2 94410045932044288
2 112481238291456000
2 94815853241057280
2 106063143633035264
2 103088295801651201
2 89508162830483456
2 111432179917135872
2 103084206351069184
2 106098195431571456
2 103079177384755201
2 98212274803703808
2 93988128313974784
2 94475741324001280
2 93619394470625281
2 101237592703508482
2 113317829935251456
2 103077176693366785
2 99637977432600576
2 113296644518330370
2 106096576438603776
2 99641848758411264
2 99647167144280064
2 106089890739011584
2 99252483150454784
2 113273525527252992
2 99688619442307072
2 99638648529620992
2 99728159183867905
2 99775542231961600
2 106068713698103297
2 106079291711815680
2 94816130065117184
2 99187555316150273
2 111438924374745088
2 99687126299451392
2 113235705500680192
2 94811902215069696
2 94810585178443777
2 89279527158677504
2 99185684660764673
2 99180580201181184
2 91296475644039168
2 103093249270493184
2 103081043845849088
2 103086211240964096
2 93990296748179456
2 89462990214152192
2 103069673062543360
2 111369651245682688
2 113232610070757377
2 99208992412286976
2 99649507595268096
2 89056696374280192
2 113229149782544384
2 103069345906835456
2 103069996040720384
2 111320930189451264
2 99677944938639360
2 99640942797144064
2 99646676435869696
2 103083937919811586
2 99245927449116672
2 112515564475392001
2 103080167248904192
2 106065186259087360
2 99336381804982272
2 99744621789327360
2 94808643211505664
2 103087649857871873
2 113252365250985984
2 103077264752783361
2 113241762071453696
2 103086903263379456
2 113236888265048065
2 94811428250320896
2 113371802251689985
2 103071568921509888
2 94806395089719296
2 99230366568689666
2 113227891512328194
2 93642593140871170
2 113271227027701760
2 94815681278779392
2 99642280788496384
2 111318568813068288
2 103097493914533888
2 103091093377257473
2 98329383961505792
2 103082197292032000
2 99199991423320064
2 99649679553343488
2 99641152512339969
2 94814523625709569
2 99675747135922178
2 99678502785269760
2 103071644410593280
2 99716960362823680
2 98201914860240896
2 103074802725699584
2 99639239934869504
2 99645422309617664
2 113224334704771072
2 106068080345620480
2 106072664703111168
2 99649704719171584
2 99681082299006976
2 113235030217723904
2 106141124162367488
2 89474730037489664
2 94812808188932096
2 94811793129607170
2 93711790768263168
2 103077562573529088
2 93865063244496897
2 98318034162286592
2 103094637572530176
2 103073854787821568
2 111452211921432577
2 103069593395933184
2 99648681292218368
2 113244177994756096
2 106062950703443969
2 106068252324675585
2 103079592625045505
2 106062430626512896
2 103076476223631360
2 94814758540288000
2 106093321679683584
2 99650891715575808
2 94813357621780481
2 98193232646778880
2 99665101992370176
2 103095224787681281
2 94814884331663362
2 113228298326249472
2 103072676184207360
2 103071791215415296
2 94809859576442880
2 99652514873475072
2 93700541678485505
2 103070490989576193
2 99225262130069504
2 103093836468854784
2 94813626057244672
2 113230382916313088
2 103082394403348480
2 99659087385595904
2 103069488529936385
2 99666884558983168
2 106079396577812480
2 99756659479547904
2 99332636287303681
2 106070110397145089
2 99680553829269504
2 113217997136605184
2 89471886299373568
2 113230542312456192
2 112515337970397185
2 93824592388423680
2 94445181620858880
2 106081640513683457
2 106070211060445185
2 94813873542135808
2 99742503695163392
2 103069379478032384
2 98326942843023360
2 99640846349107200
2 99654578475241472
2 93852161565409281
2 94813873529565184
2 103068184105594880
2 113233373434089472
2 99242890768826368
2 93619595780423680
2 103091978396368896
2 103073347277041664
2 99672010023645184
2 103072604897804288
2 98193949881151489
2 103074748174577664
2 103078766334586880
2 94437149516103681
2 106065354052214784
2 98328691880361984
2 106063919583477762
2 113223856562515968
2 94488844333875200
2 93918632903581696
2 106265057456951297
2 89556741284564993
2 94808886510501888
2 103068800672473088
2 93674532765843456
2 106062384476590080
2 89503989518974977
2 99760987992887296
2 106078582887026688
2 99644453450563584
2 103088476156739584
2 99642708590739456
2 113221662954110976
2 99643677479145473
2 113347492069900288
2 106152469733720064
2 94810429980807169
2 93934646743674881
2 94814385234649089
2 113223521018200064
2 94442681828257792
2 106066956280545281
2 106182949766041601
2 111318199710130176
2 106065618289168386
2 103078569189711873
2 106068436865654784
2 106081057543168000
2 106069103751598080
2 103073129202593792
2 106125437436039168
2 99756982419996672
2 103068930691706880
2 106066868187574272
2 93877281226899456
2 113287194738819072
2 113218563355062273
2 111265397612879872
2 113266944668467200
3 99650799428313088
3 99654402343841792
3 99655270531207168
3 101809465103360001
3 99642394022117376
3 93991940944691200
3 98294239863115776
3 98168603697881088
3 99713844011737088
3 98173460676747264
3 99410138649202688
3 93613614702923777
3 99638107468595201
3 99644587672469504
3 99642003972820992
3 106063185576079360
3 93987528541093888
3 99646462522171393
3 106063865091072000
3 99643220312604672
3 98305124086194177
3 99742520472387584
3 99642566001164288
3 99719774740815872
3 99641584555003904
3 106062787146559488
3 113229569225523200
3 99298679197933569
3 99685003969036288
3 106063747621208064
3 99652892360835072
3 99722870137163778
3 99744881865539584
3 106063428883451904
3 89478760772018177
3 98180494562304000
3 99183268745854977
3 99777941361262593
3 99762082697838592
3 93992502968852480
3 99678544757669888
3 99194375275429888
3 99638115844624384
3 99775521247858688
3 99655660635033601
3 106065077240737792
3 99187102343892992
3 98186110701801473
3 98168662401355777
3 98174857384177664
3 99653928391684096
3 99260162916880385
3 98172420497752064
3 106064510997102592
3 99740175827083264
3 99370720559251456
3 99709054091411456
3 106063751819694080
3 99996410052751360
3 99646978413178881
3 99718080250396673
3 99681824707584000
3 99654003868176384
3 113222036263936000
3 99678943182987264
3 98175150989656064
3 99247567426158592
3 99716683530371072
3 99720483582382080
3 106062816494096384
3 99691098313723905
3 99639747441467392
3 94813345051455488
3 98310727697309696
3 98216875955195905
3 94809410802683904
3 99656604340858880
3 99677391324053504
3 113222178870280192
3 99940613230833664
3 98169228640792577
3 113226624811536385
3 99315980722905088
3 98177122333495296
3 99188549374590976
3 99638648525426689
3 99194190696689664
3 106063718252675072
3 99644705087827968
3 99639202169372674
3 93606702485749760
3 99640049406197760
3 94812212564213761
3 98168331059724289
3 99647402021101569
3 99670701400793088
3 99641064461320192
3 106063974113615873
3 93669667402563585
3 106063835722563584
3 93989059462041600
3 99666796482793472
3 99640393372680192
3 98193245246464000
3 94813986750599169
3 99657069896024064
3 99651868954869760
3 113223240008212480
3 99786594202034176
3 106063160422842368
3 99655824196124672
3 99695175147859968
3 93697748246859776
3 99642834457604096
3 106069422539677697
3 113235546087759872
3 99721355993419776
3 99648060560375810
3 99643643933102080
3 99646533825331200
3 99384633090768896
3 99714460574433280
3 99197541974945793
3 106062615167504384
3 99409484350369792
3 106064167064186882
3 98178254778810368
3 106063932166381569
3 93990913340227584
3 99682340594388992
3 89092134040383488
3 106063235911921665
3 99639051187003393
3 99717589504229376
3 99645632028999680
3 106064297066639360
3 99644768031744000
3 98168700171063298
3 99658307240865792
3 106063504359960576
3 99650329678848000
3 99188771651715072
3 93983657194299392
3 99354572501434368
3 94812753625231361
3 99338235712507904
3 99701999297245185
3 98172210807709696
3 106062837465612288
3 99708974433185792
3 98186404307288064
3 99666125394153472
3 99705916789768192
3 99644126265491456
3 98176728056336386
3 99672517538627584
3 99649239159816192
3 99679014486163456
3 99689466725269505
3 99651436941541376
3 99649675354841088
3 99342685869047808
3 99656470114729984
3 99353163215282176
3 99652003176783873
3 99656721793953792
3 99191892230680576
3 99641701966155776
3 99651621503516672
3 106064481645363200
3 99682642571698176
3 99273815368011776
3 99720345187127296
3 98184030327029760
3 98193597542825984
3 99670432952758272
3 99643614598152193
3 94813915451633664
3 99664384774766592
3 99689168908713984
3 101867220635893761
3 99639315411386368
3 94470481654194177
3 113230609396137986
3 106109163570081792
3 98169144767287296
3 99637826425065472
3 99638854029549570
3 99654532333711360
3 99196224942505984
3 89444573025280001
3 98168993742979072
3 99643589398769664
3 98180620387229697
3 99185512715268096
3 106062829081214976
3 99651197862019072
3 99721729303261184
3 99692012642635776
3 99649146876727298
3 99639734829187072
3 99714447970545664
3 106063927988850688
3 99180848640819200
3 98174710608691200
3 98181698310782976
3 99697393964036096
3 99685142385270785
3 99732491899899904
3 99210359734415361
3 106067098882670592
3 99658923786780672
3 99203992789331968
3 99714431214305281
3 98176107290968065
3 94816348177305600
3 99684697789042689
3 94815765152272384
3 93984881901699073
3 99642104615141376
3 99643564228755456
3 99743539692445696
3 93986563817619456
3 93591053558480896
3 106064804581605377
3 98174593159798784
3 99639231537885184
3 99719120458756096
3 99693505806475264
3 99732340875591680
3 98200048382382081
3 99645300691578880
3 99760140722503680
3 93598766891929600
3 101807766372491264
3 99684416783257601
3 98172202414911488
3 99281419632775168
3 99670898541477888
3 99642603741528065
3 99672857256280064
3 99652925927866368
3 99737193693720576
3 99671888367853569
3 99180576011059200
3 99680956469870592
3 93581339563008000
3 113228294152912896
3 99653739614445568
3 99640384954703872
3 93619503501549568
3 94813340861341696
3 99641093792088066
3 106062749397823489
3 98169006338482176
3 99180534063837184
3 98169287344275457
3 93728861589749760
3 99646110171275264
3 99695217099284481
3 99639231525298176
3 99654616253333504
3 99716243157819392
3 99735285297979392
3 99654712705560579
3 99719053328920576
3 98173863359299585
3 94405767733579776
3 98178649047564289
3 99692906058760192
3 106065446318514176
3 99756105806249984
3 106077442053115904
3 99666658074951680
3 99642314334543872
3 94812913021353984
3 93666156774305795
3 99642972869632000
3 99640250757947392
3 99653613806301184
3 99711381959491585
3 99639814537756673
3 94812283884150784
3 101841153044914176
3 113229204308508672
3 93656899941179392
3 98202078417137664
3 99647758545330176
3 99722975007346688
3 99714317976473600
3 106064699753381888
3 99645598487166976
3 99649796985470976
3 99670957232369665
3 113226515759632384
3 99658621796876289
3 99643283248128000
3 99645774656315392
3 106061910511853568
3 99638422028812288
3 99679350034665472
3 93702789812858880
3 99709913923719168
3 99668755252129792
3 93810994446471168
3 99639567090589696
3 99638266835374080
3 93761518474248192
3 99637759324598272
3 98168217817714691
3 99744567296921600
3 99737973825863680
3 99225874485882882
3 91138245555011585
3 99642108830425089
3 99717929268019200
3 99181452608016385
3 99640951202529280
3 99637692219920384
4 94806919381921792
4 94811860251058176
4 94812246139604993
4 94814204867002368
4 94815953887567872
4 94814771114803200
4 113225735623278592
4 94810996245409792
4 94811751215935488
4 94443461943640066
4 93714013782945793
4 113221595824263168
4 94815324746162176
4 94808865522200576
4 94815777751957504
4 94808525800341504
4 94810413220372480
4 94816310428581889
4 94806277649219584
4 113220136223256576
4 94805304562302976
4 94811164009181184
4 94808563540697088
4 94812908852224000
4 94814112596504577
4 94815060496617472
4 94812707504652288
4 94808819384860673
4 94812673954414592
4 101929040516091904
4 94809880547962880
4 94814003548786688
4 94805711405596672
4 94811126243667968
4 94816058766143488
4 94812770423414786
4 94811470172393472
4 94811805720911873
4 94810442580508673
4 94811797328109568
4 94809108800208897
4 94810782335893504
4 94809188491988993
4 94814724969074688
4 94810467729543169
4 94815677076078592
4 94813525385551872
4 94816486576766976
4 94813923840245761
4 94810945909571584
4 94812896260919298
4 94808165077626880
4 94812309045780480
4 94808488043216896
4 94811348571140096
4 94810195137544192
4 94813802230579200
4 94816331387502593
4 94814494286557184
4 94812938191380480
4 94814557209505792
4 89641357148307456
4 94811990261891072
4 94809440150228993
4 94815190515855361
4 94808504799465474
4 94813940642611200
4 94805321356296192
4 94812581667160066
4 94806172779036672
4 94810186715369472
4 94811633754447874
4 94811432423653376
4 94809654072315904
4 94812682322063360
4 94809205256622080
4 94810555826704384
4 94813844173619200
4 94812086747664385
4 94808030847307776
4 94804260193185792
4 94814074830991360
4 94810719412953088
4 94806357332602881
4 99705082093899776
4 94808467050729473
4 94816142631243776
4 94810039939903488
4 94812099318001664
4 94808538353897473
4 94815639339941890
4 94815224074473473
4 94809473700478977
4 94814930494169089
4 94807418470535168
4 94811906405187584
4 113219955872382976
4 94814817252155392
4 94810123830177793
4 94812032242679808
4 94809624707989504
4 94812652966129664
4 94809322697138176
4 94814716597248001
4 94809435968520193
4 94811688288796672
4 94815605756149761
4 94803966570934272
4 94810895582117888
4 94811071730294784
4 94815203102957568
4 94813919679479808
4 94807452024975360
4 94807292674969600
4 113219502866575361
4 94807812764479489
4 94814657839247360
4 94810379657551873
4 94807846293733377
4 94810941719445506
4 94808613868150785
4 94816000045887488
4 94810652312477696
4 94814825644965888
4 94810585182642176
4 94811797332299776
4 94809951830155264
4 94808353821302784
4 93728203117572097
4 94813634437455873
4 94814561399619584
4 94813613478526976
4 94811436647329792
4 94815400256225280
4 94808479642030080
4 94815299584528385
4 94811063345872896
4 94810841051967488
4 89051763855990786
4 94812711698964480
4 94814758531891200
4 91112458961428480
4 94813810606620674
4 94811713463009281
4 94814276186947584
4 94812032209141760
4 94816822100099073
4 101920903528583168
4 94813856731381760
4 94808685167128576
4 94807523344916481
4 94813974180270081
4 94807418491502592
4 94815643530051585
4 94808240558325761
4 94811080097923072
4 94813584126775296
4 94808085394243584
4 94807724667322369
4 94813072413298689
4 94812229345619968
4 94810337727090689
4 94813521191243778
4 94803542958817280
4 94814544630792192
4 94810371285721088
4 94811126235279360
4 94812711715745792
4 94814309728784384
4 91811863335149568
4 94807493993185280
4 94812103516504064
4 94814578160058369
4 94812971745812481
4 94813961618325504
4 94807774998962177
4 94816322994716672
4 101889026839166976
4 94808072815517697
4 94814347460755456
4 94816205545816064
4 106062040543657984
4 94815857422761985
4 94809113007112193
4 94811767980568576
4 94805765948313600
4 94808408330469376
4 94808865517998081
4 94809599512817664
4 91112106639888384
4 94814024524509185
4 94811365331582976
4 94811172385210370
4 94809050071572482
4 94816113262731264
4 94814867571224577
4 94816805343866880
4 94814351663439873
4 93678236361433088
4 94810941690085378
4 94814267768971265
4 94810681676804097
4 94809335275851776
4 94811881239355392
4 94811436643123200
4 94813454082375680
4 94814011937402880
4 94808781652897792
4 94815257649881088
4 94808970375606273
4 94456111972876290
4 94807766610354177
4 94813588304306176
4 94808718734131201
4 111269822607798272
4 94813466686259201
4 94811101103009792
4 94808391565848576
4 94816469795348481
4 94811017204338688
4 94805543620841472
4 94811310788849664
4 94813395362123777
4 94814691410452481
4 94815727407726592
4 94814838206902272
4 94816771806199808
4 94809968619945984
4 113243582403575810
4 94810962678394880
4 94806810317422592
4 94815895184084992
4 94807766618734593
4 94809901527863297
4 94814179705360384
4 94808118952869888
4 94808559338004481
4 94808706147041280
4 94808014082674688
4 94808760647815169
4 94813449917431810
4 113221973324201984
4 94809452733153280
4 94810631328366593
4 93747584992149504
4 94806881616412672
4 94813424739041280
4 94813831561363456
4 94807821161472000
4 94807791801339905
4 94811344360062978
4 113271470326693888
4 94812057400131585
4 94803744285396992
4 94807020041019394
4 94813084979445760
4 94807741448728577
4 94809981211246592
4 94807787590270976
4 94813366031368192
4 94810711007571969
4 94816448819634176
4 89041491992907777
4 94814339093114881
4 94811210159108096
4 94810945913753601
4 94815102460628992
4 94812069953683456
4 94810971062808576
4 94806202122379264
4 94807603049267200
4 94809742114951168
4 94812229366583296
4 94814779478249473
4 101236909023576064
4 94814070636679169
4 94810287391256577
4 94807414297214976
4 94808362209914880
4 94814330712891393
4 94813076620189697
4 94810723607248896
4 94807691138052096
4 94811415659032576
4 94806722232848385
4 94812640404180992
4 94805879194533888
4 94810253820047361
4 94810270635016192
4 94813831565553664
4 94812858512183296
4 113221675524440064
4 94813542166966273
4 113220593406582786
4 94810685862715392
4 94811109487423489
4 94813789656059904
4 94805770130046976
4 94807296844103681
4 94806286021042176
4 94813626040451072
4 94809322701336577
4 94813881901383680
4 94810044109037568
4 94802733437169664
4 94813542166970368
4 94808106348969984
4 94814678823342081
4 94815219875971073
4 94809289142706176
4 94808190230872066
4 94812053180657664
4 94810249650905089
4 94808009896759296
4 94812514549899265
4 101802477380304896
4 94810769752989696
4 94813135327858688
4 94810765537722368
4 94812128686518272
4 94808513188073472
4 94812053205827584
4 94813726724718593
4 94812128682319872
4 94809960222961664
4 94815131808174080
4 94812829126897664
4 94809310139387904
4 94814297129099264
4 94812296479653888
4 94810736177582081
4 101800585736622081
4 94811252081168384
4 94811294036803584
4 94814817226985472
4 94808756461907968
4 94803022852538369
4 94812090958757888
4 94814137762332673
4 94813684798459904
4 94808014074286081
4 94813202436726784
4 94815286997422080
4 106065152738197504
4 113222459876052992
4 94815500915318785
4 94815228302331904
4 98168020693819392
4 94816138457915392
4 94812174819672064
4 94812103512297472
4 94810098634997760
4 94814053863669760
4 94814376833454082
4 94811759575179268
4 94810757140721666
4 94813781250678786
4 94808362214105088
4 94805971439861760
4 94811067523416064
4 94812590068346880
4 94806327972474881
4 94808974582480896
4 94815165383581696
4 94808894882328576
4 94815706415239168
4 94810983658299393
4 94810937499975680
4 94808378995523584
4 94816448828018688
4 94815505126400000
4 94812267085971457
4 94813118567432193
4 94816322990505986
4 94811721834827776
4 94808806797737986
4 94814104212086784
4 94813537972658178
4 94809981194477568
4 94813869310095360
4 94809855394709505
4 94815303799812096
4 94813525389750272
4 94810241245523968
4 94815630934548480
4 94810589381140480
4 94809008136921089
4 94808529982066688
4 94811432453013505
4 94813512806838273
4 94805069689667584
4 94815639323156480
4 94811994464583680
4 94808085381648384
4 93770502673408000
4 94816692101844992
4 94812002844811264
4 94810660705275904
4 94810438386192384
4 94812279677263872
4 94807452050137090
4 94806831288946688
4 94810178351927296
4 94816176215035905
4 94811226906955776
4 94812950770098176
4 94807653376720896
4 94812183220846592
4 94812107702415360
4 94812539745087488
4 94809184310276096
4 94810966872694786
4 94816570458652672
4 94812678140338176
4 94484134113714176
4 94809435960123392
4 94809175900700672
4 94813391163633664
4 93902463861669889
4 113221449052995586
4 94811084304814080
4 94803010257039361
4 94809733747314688
4 94815609946247168
4 94812371951943680
4 94814137758134272
4 94808609665458176
4 94806575428014080
4 94815437992378368
4 94815983277056000
4 94816109089390592
4 94806743225335808
4 94816230707445760
4 94815828075229185
4 106063068135571458
4 94814121001881600
4 94815689658998784
4 94814850802393089
4 94809649848655872
4 94812015444492289
4 94801731006894080
4 94810585203621889
4 94810010567180288
4 93697127489863680
4 94814053863661568
4 94814037120000002
4 94813907075612672
4 94810102837682177
4 94809251402354689
4 94816528498831360
4 94805912719593472
4 94814381031952384
4 94814238408847361
4 94812594275225600
4 94809431765819392
4 94808697750036480
4 94810065105719297
4 94808110534897664
4 94810123805011968
4 94813550551375872
4 94811772162285569
4 94806097298325504
4 94809163330363393
4 94816411087683584
4 94809972810072064
4 94805736563015681
4 94801873634213888
4 94810224485081088
4 94810203526139904
4 94814511042801665
4 94809570165264385
4 94813756084850688
4 94812124517380096
4 94810568430587904
4 94814133584805888
4 94813785440780288
4 94809599508619265
4 94814607545335808
4 94812556530679810
4 94806785143214080
4 94815651918647296
4 94813391172018176
4 94807322001547264
4 94812531348094976
4 94816436236713985
4 94810249646710784
4 93782653572087808
4 94813147927556096
4 101802875843387392
4 94814305526099969
4 94811856069337089
4 106068600456093697
4 94805757534539776
4 94811231101272064
4 94812292285349889
4 94810610369433600
4 94807926010675200
4 94813898682810368
4 94808458678910976
4 94815106650738688
4 94809364648566784
4 94810522259697664
4 94813928042934272
4 94813709939126272
4 94811637973925888
4 94807871488917504
4 94812258718334976
4 94814917902872577
4 99224398090878976
4 113219884548243456
4 94810895552753665
4 94805589787545600
4 94811776352387072
4 94807791801352192
4 94812803965259777
4 94810471953219584
4 94814712373575680
4 94816322998894592
5 99975409206181888
5 94436356796854273
5 94809142346268672
5 106079484645609472
5 89524700971147264
5 94816545313796097
5 99978642980999169
5 94806692893696000
5 99943402472357888
5 99934892195983360
5 99976277422899200
5 106062522888626178
5 99972842258575360
5 106079644050132992
5 94809310126817282
5 106067438633877504
5 106068050998071297
5 106061671449100288
5 112445259518189568
5 111352647549857792
5 94810010562990082
5 99383257346482176
5 89035955524206592
5 106089068630261760
5 94811633767030784
5 99963207946469378
5 106063764419395585
5 94808550932611073
5 99948712431853568
5 99940701307015170
5 99957130429341697
5 94811717636337664
6 106068243906703360
6 106063642759405569
6 106079069426290688
6 106064334853115904
6 106064569704779777
6 106062174778163200
6 106117170496417792
6 111319764189724672
6 106064259338866688
6 106065899320115200
6 106063441462181888
6 111302475285401600
6 106062048923881472
6 106061902156795904
6 106230269895376896
6 106066494919684097
6 106068768219869184
6 106066356478279681
6 106066104824246272
6 106063961555877888
6 106066461331697664
6 106063609217548288
6 89536524722520064
6 106065211441680384
6 106062682272178176
6 106063374332346368
6 106063827321372672
6 94816083910987776
6 106062938141503489
6 89614639436017664
6 106065244983533568
6 106062648717750274
6 106062132809969664
6 106062183158386688
6 106065521807589376
6 106065286934953984
6 106061751140892672
6 106062388666703872
6 106061948256387073
6 106064125112750081
6 106062598373511169
6 106066536858521601
6 106063605010669569
6 106062602601373699
6 106063336591998977
6 106063072329871360
6 106065395982663680
6 106064120931024896
6 113222711546888192
6 106063831503089664
6 106096962335555584
6 106065270170329088
6 106068805947625473
6 106086984069545986
6 106062439006740483
6 106065425346990082
6 106062187356893184
6 106068050972909569
6 106067962905100288
6 106063290437861376
6 106063441428627456
6 106062669689270272
6 106063256912805889
6 106067715428597760
6 106072736039829505
6 106062577414574081
6 106066171949891584
6 106081900577304577
6 106066629112238080
6 106063697297932288
6 106063609225949185
6 106064540369817600
6 106066532664217600
6 106068688511315968
6 106064209019809792
6 94814485872783360
6 106063844094394370
6 94476638884069376
6 106063001051865088
6 106065563754831872
6 106063051366744064
6 106062439019315200
6 99212763099963392
6 106065307931652097
6 106063705699139584
6 106066083840135168
6 106066109043703809
6 93698218008907776
6 106068185220005888
6 106067182768750592
6 94458209124876288
6 106095695634767872
6 106064951390638080
6 106063261073551362
6 106065689604915200
6 106061503672754177
6 106089899119222784
6 106067258262028288
6 106066721386934272
6 106063475004022784
6 106063932191543297
6 106079467872600064
6 106063307219283968
6 99183637827813376
6 106071062487367680
6 106064590684684288
6 94449103274119168
6 106067757400985602
6 106078670959026176
6 106063143633027072
6 106065005929172992
6 106067035947151361
6 94404412998553600
6 106063374353313794
6 106061910532816897
6 106064867512950785
6 99182849294467073
6 106062824865935360
6 106064557151240192
6 94811625361637376
6 106063491768651776
6 106062761976532993
6 106062917165785088
6 106063462416912385
6 106067367322320896
6 106064590701477888
6 106067199550164992
6 106065630884667392
6 106088997331271680
6 106069674189529089
6 106063131071102977
6 106068055183998976
6 106063810556731392
6 106115245289897984
6 106063886050004992
6 106064406139506688
6 106064179634515968
6 106064393535627264
6 106064045429370880
6 106065702183649282
6 99183772058140672
6 106062296392024064
6 106063328207581184
6 94472729801142272
6 106064573903282176
6 106062548046057473
6 106066629099667457
6 106063672115335168
6 106063890252697600
6 106066285200281600
6 106122597900632065
6 106089324499574785
6 106063030386819072
6 106062753600516099
6 106069984563838976
6 106068436882432000
6 106067929333899264
6 106064041222488064
6 106063026192519168
6 106067145007448068
6 106062027973337088
6 106063617618755584
7 94440676929970176
7 94441490629132290
7 93984336679931904
7 111376613777752064
7 113233222447538176
7 112508564169428993
7 94440177828761601
7 94440907612499968
7 94428840608272384
7 94403393749139456
7 93985351667949568
7 94441197015285760
7 99946418181115904
7 94441771647504384
7 91515518984523776
7 94442300121415680
7 93984970015637504
7 94811788947881984
7 94405432180879360
7 94452324537339904
7 111311430116048897
7 94422482026639362
7 94452127371505665
7 93988178658205696
7 94814162936545280
7 94412692550459392
7 93984387003187200
7 89453422977363970
7 94447320694923264
7 93987713090469888
7 94449484968366080
7 94443029926129665
7 93983430706069504
7 99946816631611393
7 94412658975047680
7 93987570467340289
7 113229485335257088
7 101918563115352064
7 91516731155161089
7 91519486808702976
7 94507743863513088
7 94447844987121664
7 93985381049049088
7 94402345202487297
7 94433567576301569
7 99367574856417280
7 94403708334510081
7 89498557895286784
7 93983954998276096
7 94400814252179456
7 94473262473551873
7 94815194743701505
7 111335056643067905
7 99180768928083968
8 94811990266097664
8 94812460053307393
8 94811298222710785
8 94807661740175361
8 94807816946204672
8 94816721466175488
8 94813202424139776
8 94814087418085377
8 94812590068338688
8 94811189175001088
8 94812317417611264
8 94814150362021889
8 94812401324658688
8 94808110551670784
8 94813483455102977
8 94813437309366272
8 94812720070803456
8 94809339482734593
8 94816473998045184
8 94816218120327169
8 94810824266358784
8 103092292944019457
8 94809104593338368
8 94812720074981376
8 94813009507127296
8 94815370875109376
9 98167743869759488
9 98177722097999872
9 98180410659454976
10 99184363463380992
10 99377339208695808
10 99208682025385985
10 99258426491797504
10 99199240659673088
10 99189212066222080
10 99295961318301696
10 94813043044794370
10 99200620581486594
10 99222300934672384
10 99355369406607360
10 99263417680003072
10 99393294320156672
10 94811814126288896
10 94816272650469378
10 99197982355894273
10 99285081264361472
10 99309609579319296
10 99182358581886976
10 99390337340030977
10 99289204286173184
10 99187500785999872
10 99181997888512000
10 99201090339340288
10 99263283470675968
10 99266429198675969
10 99182949974552579
10 99235659784527872
10 99221118149337088
10 99375711806160897
10 99180638900453376
10 94814511042801666
10 99226637849214976
10 99185118450696192
10 99187811156115456
10 99195474153705472
10 94815651918655490
11 94810778129018881
11 94815207330811904
11 94807003251224576
11 94816264261873664
11 94813823206297600
11 94814511055388673
11 94814553010995200
11 94811902181511169
11 94812304864059393
11 94814381019377665
11 94809469518753794
11 94815370891890689
11 94808261538222081
11 94812451664695296
11 94810518086369280
11 94808425132851200
11 94813114352140288
11 94816675307855873
11 94810413207781376
11 94816603996291073
11 94811252068581376
11 94811252081164288
11 94809142333669376
11 94816725652082688
11 94813735125917696
11 94815630917771264
11 94815547065249792
11 94808773260095488
11 94814775296524289
11 94815823859949570
11 94811445035933696
11 94807309435416576
11 94810186736345090
11 94808521606037505
11 94812783014715393
11 94808634831286272
11 94809213641031680
11 94805254234832896
11 94814867579617280
11 94809083634401280
11 94810400620691456
11 94808559354773504
11 94811130454753280
11 94811319211003905
11 94810253828423680
11 94811931558428673
11 94816746615226369
11 94813856739753984
11 94808974586683392
11 94814611714490368
11 94814171333529600
11 94809159131873280
11 94813416342044672
11 94808072807133184
11 94816088105295872
11 94812808155365376
11 94807716282908672
11 94808467054923776
11 94813034647781376
11 94810190922268673
11 94808093766066176
11 94812791394942976
11 94811918988087298
11 94810505503453185
11 94808228008960000
11 94814699799052288
11 94809419166130176
11 94812208369901568
11 94809402414084096
11 94807833706643456
11 94810417410486272
11 94811294007431169
11 94812711707348992
11 94808370594328576
11 94808714514665474
12 101807774769479680
12 101924779086446593
12 101808299061686273
12 101174279688822784
12 93987616613089280
12 94812954956005377
12 93606195000119296
12 93662222491983873
12 101804125750169603
12 101920135975145472
12 101174103515463682
12 93745575895379968
12 89461903864250369
12 101918701527375872
12 101866776035463168
12 94810715227041792
13 94809259790974977
13 94816742441885697
13 113219964248395778
13 94814792077946880
13 94807334584459264
13 94812229358198786
13 89510851417092096
13 94814481686867968
13 94814817226985473
13 94813789622509569
13 94813118554836993
13 94816515941072897
14 93638403064729600
14 89451841754116096
14 93808092004876288
14 93783475626328064
14 93647114613161984
14 113218198471577600
14 93634741437333504
14 93583315071795200
14 93596539703926784
14 93642588984324097
14 93704522064609280
14 91515326075912193
14 93633533444227072
14 93751422784516097
14 93758091723685888
14 93598792032583681
14 93757999415443456
14 93897371951439874
14 93595499512336384
14 93678156644495360
14 93757911335059456
14 93852992041787392
14 93913691988307970
14 93913687810768896
15 111361149391470592
15 101191883182718976
15 106068080349818880
15 101202293462007810
15 112504864797507584
17 89460167430774784
17 89532292690743296
17 89547224387829760
17 89602249457799169
17 89590543167926272
17 89450059174920192
17 89452038857048064
17 89633081824247808
17 89612991082934273
17 89558238630133760
17 89642648993927169
16 113220459180462080
16 93983585865957376
16 93983455876100096
16 113222178866069505
16 113226004067127296
16 113229753779109888
16 113224397644496896
16 113235902607785984
16 113226314441437185
16 113232815604240384
16 113227002311491584
16 113232878514614272
16 113273559090073601
16 113218995393544192
16 113223416181555201
16 113424226861588480
16 113222338224459776
16 113284820792131584
16 113229044912357376
16 113218974384263168
16 113241321640173568
16 113220224307830785
16 112502042018320384
16 113219582583504896
16 93984089186639872
16 113228080226643968
16 113234761778073601
19 111328081494556672
19 111307172872335361
19 111301015650840576
19 111345471087312898
19 111324398916599808
19 111315053982130176
19 111319592244215808
19 99648484168310784
19 111324969308389377
18 93983132906299392
18 93985460740825088
18 93987838915395584
18 93984152109596672
18 93986295419904000
18 93983476818264065
18 93989688574087169
18 93983036424716288
18 93982642155945984
18 93989759877267456
21 111431844402180096
21 91188803670253568
21 111443441635962881
21 111449804395122688
21 111445089980649472
21 91125675230109696
20 111181079536349184
23 101235512316145664
23 101218642854821888
23 89498478216089601
23 101167149359443968
23 101178679517921280
22 111497816572039168
22 94809477886386176
22 94812099338973184
25 89136690115002368
25 89007237128921088
25 89062195098431488
25 89199122334232576
24 99985546826354688
24 99937463342080000
24 99935424906149888
27 101906038919409664
27 101927035622006784
26 89595492471799808
29 91111200653455360
28 99649088131309569
31 89513430897262593
31 94810325127397377
31 89519143543504896
30 99734266077904896
34 106067170173255680
32 94811910574309376
33 99965040853123072
