1 111452350316683266
2 103086764880699392
3 99650799428313088
4 94806919381921792
5 99975409206181888
6 106068243906703360
7 94440676929970176
8 94811990266097664
9 98167743869759488
10 99184363463380992
11 94810778129018881
12 101807774769479680
13 94809259790974977
14 93638403064729600
15 111361149391470592
17 89460167430774784
16 113220459180462080
19 111328081494556672
18 93983132906299392
21 111431844402180096
20 111181079536349184
23 101235512316145664
22 111497816572039168
25 89136690115002368
24 99985546826354688
27 101906038919409664
26 89595492471799808
29 91111200653455360
28 99649088131309569
31 89513430897262593
30 99734266077904896
34 106067170173255680
32 94811910574309376
33 99965040853123072
