0 111452350316683264
1 103086764880699392
2 103095358980231168
3 99650799428313088
4 94806919381921792
5 99975409206181888
6 94816570458644480
7 111444108542869504
8 99654402343841792
9 99304391869345792
10 106068243906703360
11 111434822345433088
12 106063642759405568
13 99197068014395392
14 103077919101960192
15 106079069426290688
16 94811860251058176
17 94812246139604992
18 89500571161198592
19 94440676929970176
20 94808232182300672
21 103069605991415808
22 94441490629132288
23 113222300488314880
17 94811990266097664
25 98167743869759488
10 106063915422724096
9 99184363463380992
8 99655270531207168
4 94814204867002368
17 101809465103360000
12 106064334853115904
21 103076975379365888
17 94815953887567872
17 105441518453653504
14 103082608333815808
12 106064569704779776
8 99642394022117376
17 94811260490756096
17 94814771114803200
11 111477910443012096
17 94810065114116096
9 99182710899216384
9 99377339208695808
23 113225735623278592
17 93991940944691200
21 103086899073269760
17 106062174778163200
16 94807561093656576
23 113271076062109696
24 94810778129018880
12 106117170496417792
25 98294239863115776
17 94810996245409792
4 94811751215935488
17 94443461943640064
25 98168603697881088
17 94815630951333888
17 111319764189724672
17 93714013782945792
23 113221595824263168
17 94815324746162176
9 99193326670069760
4 94812413924360192
17 94808865522200576
8 99713844011737088
23 113279569510932480
16 94815777751957504
25 98173460676747264
23 113229011374710784
17 94811721839017984
17 101807774769479680
24 94815207330811904
11 111470499070091264
24 94809259790974976
4 94808525800341504
11 111448835515092992
12 106064469058269184
17 94812044787843072
4 94810413220372480
12 106077479764115456
12 106064259338866688
4 94816310428581888
10 106065899320115200
17 93638403064729600
24 94809964417257472
17 94812460053307392
9 99410138649202688
24 94807003251224576
17 93984336679931904
4 94806277649219584
24 94816264261873664
17 93613614702923776
8 99638107468595200
8 99644587672469504
11 111430913245720576
12 106063441462181888
9 99186536104460288
23 113220136223256576
17 111361149391470592
8 99647011980189696
8 99642003972820992
10 106063185576079360
11 111440849535111168
4 94805304562302976
17 93987528541093888
17 93984244388466688
4 94811164009181184
8 99646462522171392
17 94436356796854272
4 94812560720789504
23 113443394818277376
17 111302475285401600
10 106063865091072000
17 94808563540697088
3 99643220312604672
23 113222719935479808
24 94812908852224000
24 94811298222710784
17 94814112596504576
21 103073246630510592
24 94809142346268672
24 94807661740175360
17 94808529998856192
4 94815060496617472
12 106062048923881472
25 98305124086194176
23 113220459180462080
15 106061902156795904
4 94812707504652288
4 94808819384860672
17 94812673954414592
1 103070683910782976
24 94813823206297600
8 99779400987451392
12 106230269895376896
21 103078661481172992
14 103078548218195968
17 101929040516091904
4 94809880547962880
12 106090255639248896
12 106066494919684096
12 106070127174352896
10 106068768219869184
12 106066356478279680
14 103095841325195264
24 94814003548786688
18 89460167430774784
12 106064083190689792
16 94811637952942080
24 94805711405596672
17 112488272109903872
17 94813076620193792
4 94811126243667968
8 99742520472387584
11 111549658186260480
17 111376613777752064
9 99208682025385984
8 99642566001164288
8 99726879916949504
16 94816058766143488
8 99719774740815872
23 113234761761300480
17 93984919683997696
8 99641584555003904
12 106063856677298176
17 93983132906299392
9 99258426491797504
17 94812770423414784
12 106066104824246272
10 106062787146559488
16 94811470172393472
24 94814511055388672
24 94815266025906176
4 94811805720911872
4 94810442580508672
17 111328081494556672
12 106079484645609472
24 94808278332215296
23 113229569225523200
9 99298679197933568
11 111456364299157504
12 106147499512827904
9 99199240659673088
24 94814553010995200
17 89524700971147264
14 103092724957319168
24 94811797328109568
21 103087985418969088
23 113227212030877696
23 113233222447538176
17 111181079536349184
25 98197296935731200
23 113229971849351168
9 99190646518198272
24 94816545313796096
24 94811902181511168
17 94809352061452288
17 94809108800208896
17 94810782335893504
24 94809188491988992
23 113296262836658176
9 99189212066222080
11 111440665010905088
11 111537591161069568
23 113240877052329984
16 94808240558313472
8 99685003969036288
11 111451188523831296
14 103087045899075584
4 94814724969074688
10 106063747621208064
24 94812304864059392
21 103077382197481472
9 99255230415384576
12 106063961555877888
16 94814875959820288
17 94807816946204672
11 111478669607845888
22 94443935929335808
17 112508564169428992
17 94810467729543168
3 99652892360835072
17 101924779086446592
24 94814381019377664
11 111441965224181760
12 106066461331697664
17 94815677076078592
8 99722870137163776
16 94816109097779200
8 99744881865539584
24 94813525385551872
11 111450483876569088
4 94816486576766976
21 103070398681325568
11 111675134997307392
22 94440177828761600
24 94816721466175488
24 94813923840245760
11 111506268123971584
10 106063428883451904
14 103075905831837696
17 94810945909571584
17 94812795593433088
10 106063609217548288
17 89536524722520064
14 103086089593561088
24 94812896260919296
18 89478760772018176
16 94808165077626880
17 94812309045780480
17 94808488043216896
25 98180494562304000
9 99183268745854976
4 94811348571140096
24 94810195137544192
17 93985460740825088
21 103076358783115264
8 99777941361262592
11 111429105492307968
16 94813802230579200
16 94816331387502592
24 94809469518753792
17 101808299061686272
17 94814494286557184
8 99762082697838592
1 103095245759201280
17 93992502968852480
16 94811688305557504
14 103096038491033600
17 94812938191380480
16 94808626467844096
17 94814557209505792
14 103082142740914176
18 89641357148307456
24 94813202424139776
0 111457085715267584
11 111435204001927168
17 94811906380013568
11 111426253378166784
12 106066297753841664
12 106065211441680384
8 99678544757669888
12 106062682272178176
10 106063374332346368
17 93984345068539904
17 103071514387156992
21 103075029226500096
4 94811990261891072
9 99194375275429888
17 99978642980999168
11 111451834446655488
12 106063827321372672
17 94811226898575360
17 94809440150228992
4 94815190515855360
11 111560781493043200
17 94808504799465472
3 99638115844624384
23 113224112427646976
8 99649541128716288
11 111478627660599296
24 94813940642611200
24 94816083910987776
12 106065811243937792
17 94805321356296192
17 94812581667160064
21 103072885924577280
17 94806172779036672
8 99775521247858688
17 93992087715979264
1 103075868062121984
12 106064880074883072
12 106154332034048000
17 94814087418085376
17 99655660635033600
17 112443502138368000
11 111430854529646592
9 99188914266456064
11 111431844402180096
21 103076564312395776
4 94810186715369472
10 106065077240737792
11 111460176925696000
17 94811633754447872
4 94811432423653376
7 111443261276700672
8 99734270276415488
9 99187102343892992
23 113226746450546688
25 98186110701801472
11 111515369759457280
25 98168662401355776
23 111314215121321984
25 98174857384177664
12 106063986725879808
23 113245729866252288
17 111497816572039168
4 94812313256853504
4 94812187427737600
17 111525461267456000
8 99653928391684096
17 101235512316145664
17 99985546826354688
24 94809654072315904
18 89569705886621696
17 94812682322063360
9 99260162916880384
16 94809205256622080
18 89532292690743296
4 94810555826704384
11 91333393945591808
17 91188803670253568
24 94815370891890688
4 94813844173619200
8 99639722279833600
17 94812086747664384
11 111473326060355584
17 94808030847307776
12 106070626304921600
18 89547224387829760
25 98172420497752064
10 106064510997102592
12 106062938141503488
17 94810849436381184
17 93679423336878080
17 94804260193185792
24 94810845246263296
4 94814074830991360
24 94810719412953088
8 99740175827083264
17 94806357332602880
9 99370720559251456
8 99709054091411456
10 106063751819694080
17 99996410052751360
21 103088702628175872
8 99646978413178880
17 94456195846385664
14 103094566286147584
18 89614639436017664
10 106065244983533568
8 99718080250396672
23 113262444155113472
14 103077239624704000
12 106062971674968064
17 94806692893696000
12 106062648717750272
8 99681824707584000
23 113298188030586880
17 93681696645464064
11 111450253202423808
8 99647330722127872
12 106063164621336576
18 89461035634921472
21 103072848163246080
21 103075683508568064
8 99705082093899776
17 94808467050729472
4 94816142631243776
12 106062132809969664
24 94808261538222080
17 93983585865957376
11 111456624333438976
12 106062183158386688
11 111441608704135168
4 94810039939903488
17 112458937156124672
4 94812099318001664
11 111472218764091392
21 103079106052235264
8 99654003868176384
17 93636402364948480
16 94808538353897472
10 106065521807589376
4 94815639339941888
18 89602249457799168
11 111428434433032192
23 113222036263936000
17 94815224074473472
24 94809473700478976
17 94814930494169088
16 94807418470535168
17 89136690115002368
17 111346007941451776
8 99678943182987264
4 94811906405187584
23 113219955872382976
17 94814817252155392
12 106065286934953984
12 106061751140892672
11 111525830345228288
25 98175150989656064
8 99640317850034176
17 94810123830177792
23 113230521332539392
17 94812032242679808
9 99295961318301696
12 106067291829043200
12 106065135948410880
15 106062388666703872
18 89590543167926272
23 113226633208541184
17 94809624707989504
11 111434625217339392
8 99656570782236672
9 99247567426158592
24 94812451664695296
17 94812652966129664
22 94440907612499968
17 112490126013243392
12 106061948256387072
2 103094830502133760
8 99716683530371072
23 113245704704626688
17 94816138453712896
8 99720483582382080
9 99276155793842176
17 94809322697138176
23 113230533890277376
9 99198682821431296
21 103091965826043904
12 106064125112750080
10 106062816494096384
17 94428840608272384
8 99691098313723904
17 89013583089901568
12 106068755624370176
17 93983455876100096
24 94812845908295680
17 101174279688822784
24 94814313914703872
16 94814716597248000
11 111433505342373888
24 94813043044794368
11 111448818750472192
17 94809435968520192
4 94811688288796672
21 103082604118548480
17 93694854177099776
11 111433782132879360
4 94815605756149760
3 99639747441467392
21 103086152482955264
17 94813345051455488
8 99646533795971072
17 99968123679158272
11 111497694937219072
14 103082616701460480
12 106066553639931904
25 98310727697309696
17 93987914400276480
11 111565198086770688
17 89595492471799808
17 94403393749139456
24 94816515949461504
25 98216875955195904
24 94814435570483200
4 94803966570934272
17 94810895582117888
4 94811071730294784
21 103081014473146368
11 111456414609842176
23 113222178866069504
12 106120114864267264
17 94815203102957568
9 99211139912712192
24 94813919679479808
24 94807452024975360
17 94807292674969600
23 113273408078360576
23 113219502866575360
17 94809410802683904
12 106062598373511168
12 106258795340120064
12 106066536858521600
24 94807812764479488
8 99656604340858880
16 94814657839247360
16 94809121370554368
12 106063605010669568
21 103094746616049664
17 93987838915395584
17 93873758049284096
16 94810379657551872
17 111304475934863360
17 94807846293733376
24 94816742441885696
24 94813546361257984
23 113226004067127296
4 94810941719445504
17 94808613868150784
4 94812460032327680
17 99677391324053504
24 94816000045887488
4 94813764456693760
5 111446679655415808
9 99373845332508672
23 113222178870280192
17 94810652312477696
17 99940613230833664
25 98214615208562688
12 106062602601373696
21 103074404241645568
17 98169228640792576
17 111311631438454784
17 99943402472357888
12 106063336591998976
4 94814825644965888
23 113226624811536384
4 94810585182642176
10 106067769967132672
4 94811797332299776
4 94809951830155264
12 106063072329871360
4 94808353821302784
14 103079349355429888
17 93728203117572096
23 113308690546823168
11 111457802928664576
9 99315980722905088
12 106063957332205568
24 94810518086369280
25 98177122333495296
24 94808425132851200
21 103074249052397568
21 103083669475958784
4 94813634437455872
12 106065395982663680
16 94814561399619584
13 99350977978712064
4 94813613478526976
13 99188549374590976
3 99638648525426688
8 99648765182484480
17 93753113076441088
9 99194190696689664
17 94811436647329792
10 106063718252675072
17 94815400256225280
17 94808479642030080
17 93987616613089280
12 106064120931024896
17 94804939670437888
14 103069266236018688
24 94809477886386176
17 111325288088080384
11 111489943884402688
12 106062543864348672
11 111444221759733760
8 99644705087827968
8 99677051560267776
23 113222711546888192
24 94815299584528384
4 94811063345872896
17 94810841051967488
17 89007237128921088
8 99639202169372672
21 103080607617269760
17 93606702485749760
3 99640049406197760
17 94812212564213760
12 106072471802871808
15 106063831503089664
21 103086194442780672
17 94812451668889600
11 111443340972658688
17 89051763855990784
23 111310708670607360
17 111320573702967296
11 111530041434832896
17 93985351667949568
8 99712204038864896
12 106096962335555584
24 94816302039965696
25 98168331059724288
4 94812711698964480
11 111447463956713472
12 106065270170329088
10 106068805947625472
22 94441197015285760
17 89602626957750272
11 111433912189861888
4 94814758531891200
8 99647402021101568
8 99732307325353984
17 91112458961428480
8 99761877176954880
4 94813810606620672
23 113261219439321088
4 94811713463009280
23 113230273868607488
21 103081098371801088
24 101906038919409664
14 103095329636888576
9 99193771274665984
8 99670701400793088
21 103071468228845568
3 99641064461320192
16 94814276186947584
24 94813114352140288
17 94812032209141760
10 106063974113615872
24 94812590068338688
12 106121498992975872
16 94816822100099072
17 94815899361619968
4 101920903528583168
17 93669667402563584
23 113229753779109888
4 94813856731381760
24 94808685167128576
23 113294270529671168
17 101218642854821888
21 103078762148671488
4 94807523344916480
16 94814779507605504
10 106063835722563584
15 106086984069545984
8 99670273573400576
11 111504930124206080
24 94811189175001088
4 94813974180270080
17 99946418181115904
12 106063105888489472
18 89451841754116096
23 113223374246912000
11 111438769177112576
11 111430355399098368
13 99200620581486592
17 94441771647504384
6 94816675307855872
11 111474009727700992
17 91515518984523776
17 94807418491502592
4 94815643530051584
11 111677865476628480
17 112509801468133376
12 106062439006740480
17 93989059462041600
23 113361324867723264
8 99656960869281792
1 103086513201483776
8 99669044659105792
24 94813709926543360
11 111445400375930880
12 106065425346990080
8 99666796482793472
8 99640393372680192
24 94810413207781376
12 106062187356893184
17 94808240558325760
16 94803370971377664
25 98193245246464000
16 94813986750599168
23 113224397644496896
24 94816603996291072
15 106068050972909568
17 94811080097923072
16 94813584126775296
24 94808085394243584
8 99698895520665600
21 103074416841338880
24 94807724667322368
16 94813072413298688
17 94809465320259584
17 94812229345619968
25 98179898971136000
24 94811252068581376
17 94810337727090688
4 94813521191243776
9 99225660563800064
17 111372998308659200
4 94803542958817280
16 94814544630792192
3 99657069896024064
4 94810371285721088
8 99651457929854976
17 94811126235279360
4 94812711715745792
24 94812682343022592
24 94811252081164288
6 94814309728784384
8 99651868954869760
18 91811863335149568
10 106067962905100288
17 94442300121415680
24 94809142333669376
4 94807493993185280
4 94812103516504064
12 106069451891417088
17 94814578160058368
24 94815916130439168
23 113223240008212480
24 94816725652082688
24 94812971745812480
24 94812317417611264
17 94813961618325504
9 99222300934672384
11 91316922905407488
24 94813735125917696
4 94807774998962176
11 111436894319026176
12 106063290437861376
17 99937463342080000
11 111442242052427776
12 106063441428627456
8 99786594202034176
23 113219964248395776
11 111506633003241472
11 111434419675471872
23 113227216220987392
8 99700577407217664
17 94816322994716672
10 106063160422842368
21 103071682171904000
4 101889026839166976
12 106065337274990592
21 103073611547557888
17 94444179169607680
1 103078728598421504
4 94808072815517696
16 94815630917771264
23 113271050879504384
4 94814347460755456
16 94816205545816064
12 106062619378589696
17 111332561027989504
8 99675252199669760
9 99355369406607360
8 99640611468087296
16 94815328948862976
8 99644302447222784
8 99645204205805568
8 99655824196124672
12 106062669689270272
24 94815547065249792
24 94808773260095488
8 99695175147859968
12 106062040543657984
17 99934892195983360
17 99976277422899200
17 93697748246859776
9 99263417680003072
12 106062522888626176
12 106080726155403264
24 94815719027515392
16 94815857422761984
8 99642834457604096
17 94809113007112192
9 99393294320156672
24 94814150362021888
4 94811767980568576
8 99656340099694592
11 111466992648724480
25 98174547005669376
8 99669132705935360
12 106063256912805888
23 113235902607785984
17 89505629479256064
12 106069422539677696
17 94421974549397504
4 94805765948313600
17 94808408330469376
8 99656101036961792
17 99972842258575360
17 93984970015637504
24 94808865517998080
11 111443441635962880
17 94809599512817664
23 113235546087759872
17 91112106639888384
25 98248001847443456
23 113227841176473600
11 111472956969984000
11 111463079375675392
4 94814024524509184
1 103074903363813376
4 94811365331582976
17 112458714853818368
17 94811788947881984
24 94814775296524288
4 94811172385210368
4 94809050071572480
23 113241246138503168
12 106067715428597760
24 94815823859949568
4 94816113262731264
8 99721355993419776
12 106072736039829504
16 94815727407742976
8 99648060560375808
11 111549087773491200
11 111649641992429568
21 103087297548914688
8 99643643933102080
24 94811445035933696
24 101191883182718976
4 94814867571224576
24 94816805343866880
17 94814351663439872
17 89142453113864192
21 103093198934650880
4 94810912350932992
17 93678236361433088
12 106062577414574080
23 113362767733460992
17 93602009055363072
17 94810941690085376
11 111470369055047680
23 113222661198458880
4 94814267768971264
1 103081958178955264
4 94810681676804096
4 94809335275851776
8 99646533825331200
24 94807309435416576
24 94810186736345088
8 99708156518739968
17 94811881239355392
8 99648064742113280
9 99384633090768896
12 106071779721740288
3 99714460574433280
9 99197541974945792
11 111620806177603584
12 106079644050132992
16 94811436643123200
11 111456343294095360
9 99182064988995584
24 94813454082375680
17 112458761012129792
21 103068771312345088
26 106062615167504384
17 93984152109596672
9 99409484350369792
17 111305289663393792
8 99644352770482176
12 106066171949891584
17 94814011937402880
17 94809310126817280
11 111576648524115968
17 111323966882324480
8 99650656809385984
4 94808781652897792
12 106081900577304576
17 94815257649881088
12 106067438633877504
24 94812954956005376
10 106064167064186880
25 98178254778810368
14 103075612230561792
24 94811814126288896
17 94808970375606272
17 94456111972876288
17 99951367443054592
17 94807766610354176
23 113234434609790976
10 106063932166381568
16 94813588304306176
17 94808718734131200
17 111269822607798272
17 93990913340227584
4 94813466686259200
8 99682340594388992
17 93606195000119296
17 89089323844112384
11 111449804395122688
12 106070118768971776
17 93662222491983872
17 89092134040383488
21 103087419166953472
17 94414735147147264
17 94811101103009792
26 106062703264661504
0 111449263342485504
17 99968253719347200
11 111448533504241664
17 94405432180879360
4 94808391565848576
4 94816469795348480
11 111454749487927296
4 94811017204338688
10 106063235911921664
24 94816272650469376
17 112486007177347072
3 99639051187003392
11 111441281581973504
4 94805543620841472
8 99717589504229376
12 106066629112238080
25 98180066709745664
8 99654691742416896
11 111495442621136896
4 94811310788849664
8 99645632028999680
11 111476119437443072
24 94814792077946880
4 94813395362123776
10 106064297066639360
8 99644768031744000
17 93698058637938688
15 106063697297932288
23 113257264210640896
1 103087352070668288
11 111444825747881984
11 111544935399948288
4 94814691410452480
17 111307172872335360
17 111340366594195456
17 94815727407726592
18 89450059174920192
17 94814838206902272
17 94816771806199808
24 94807334584459264
23 113311504941580288
4 94809968619945984
17 111301015650840576
14 103083073872216064
23 113243582403575808
11 111449993155584000
12 106063609225949184
25 98168700171063296
11 111466376073457664
11 111586391917477888
21 103079944925609984
4 94810962678394880
11 111439926788243456
17 94806810317422592
4 94815895184084992
8 99658307240865792
23 113226314441437184
17 94808521606037504
25 98177722097999872
17 101918235959631872
17 112449328018239488
10 106063504359960576
4 94807766618734592
8 99650329678848000
13 99188771651715072
4 94809901527863296
4 94814179705360384
17 89043438162546688
12 106064540369817600
18 89452038857048064
24 94808118952869888
4 94808559338004480
17 93983657194299392
23 113220928938311680
11 111434251932680192
9 99354572501434368
11 111551818261209088
4 94808706147041280
17 94812753625231360
24 94812229358198784
13 99338235712507904
24 94816293642977280
12 106066532664217600
17 93991567647449088
17 93891533501251584
8 99701999297245184
8 99648777782169600
23 113230189990907904
17 94808014082674688
8 99656776311504896
24 94812401324658688
17 111342384079577088
8 99646349259190272
10 106068688511315968
16 94808760647815168
4 94813449917431808
23 113331172033044480
23 113221973324201984
25 98172210807709696
8 99666154771070976
21 103081106752012288
24 94812783014715392
24 94809452733153280
24 94808110551670784
12 106064209019809792
18 89633081824247808
10 106062837465612288
17 94811218526732288
8 99708974433185792
17 94804805431734272
9 99189971247837184
17 94810631328366592
23 113220677301059584
9 99195474178883584
25 98186404307288064
17 111345471087312896
17 93806057784213504
17 93747584992149504
16 94807020032630784
24 94814485872783360
17 99666125394153472
17 112515652539002880
17 89510851417092096
17 89217040405110784
25 98175687864754176
10 106063844094394368
8 99705916789768192
8 99644126265491456
11 111543106683416576
17 94813483455102976
17 94452324537339904
25 98176728056336384
17 94806881616412672
4 94813424739041280
8 99672517538627584
17 93798285743104000
17 94813831561363456
11 111446910316978176
8 99649239159816192
18 89612991082934272
11 111465252020953088
17 94807821161472000
8 99679014486163456
21 103089122054381568
17 94807791801339904
4 94811344360062976
23 113271470326693888
12 106083167261298688
9 99197982355894272
17 101813944607444992
4 94815941308858368
17 111324398916599808
8 99689466725269504
17 111311430116048896
17 112424875196551168
4 94816683709050880
8 99651436941541376
24 94808634831286272
24 94809213641031680
21 103075918418952192
17 93983485232029696
17 94476638884069376
17 93808092004876288
4 94812057400131584
17 94422482026639360
17 94803744285396992
17 94807020041019392
23 113232815604240384
8 99649675354841088
17 94452127371505664
13 99342685869047808
4 94813084979445760
17 93783475626328064
10 106063001051865088
17 94807741448728576
12 106065563754831872
23 113450449646010368
23 113225471386320896
17 94809981211246592
17 93647114613161984
17 94807787590270976
4 94813366031368192
4 94810711007571968
17 94405331525967872
23 113225291043848192
8 99656470114729984
4 94816448819634176
17 101225878020816896
9 99353163215282176
12 106063051366744064
17 89041491992907776
16 94814339093114880
23 113227002311491584
17 94811210159108096
23 113232878514614272
11 111428275028496384
8 99652003176783872
4 94810945913753600
24 94805254234832896
23 113218198471577600
24 94814867579617280
16 94815102460628992
14 103067995349319680
24 94812069953683456
8 99656721793953792
4 94810971062808576
17 93634741437333504
17 93988178658205696
23 113308975784656896
11 111463859503644672
17 99191892230680576
11 111563499389456384
17 94806202122379264
4 94807603049267200
24 94809742114951168
24 94814162936545280
16 94811629576929280
8 99641701966155776
17 93583315071795200
17 93596539703926784
24 94812229366583296
7 111589575364845568
17 93642588984324096
11 111474508824715264
11 111468318048784384
5 99950323052978176
4 94814779478249472
8 99651621503516672
12 106062439019315200
17 94813110166237184
17 93983422288109568
23 113273559090073600
11 111521694748909568
17 94412692550459392
12 106068050998071296
9 99212763099963392
23 113218336858451968
9 99285081264361472
12 106065307931652096
11 111439838720442368
24 94816289461239808
17 89498478216089600
12 106070395605614592
17 101236909023576064
17 94814070636679168
8 99664598663299072
17 93704522064609280
4 94810287391256576
11 111445320679948288
17 89014438732111872
4 94807414297214976
23 113232702345449472
4 94808362209914880
21 103082398601842688
10 106063705699139584
10 106067597983883264
12 106151253385555968
12 106103434155008000
12 106066083840135168
17 93986295419904000
12 106066109043703808
10 106064481645363200
17 93984387003187200
16 94814330712891392
24 101927035622006784
14 103082927071567872
11 111457874227634176
4 94813076620189696
17 94810723607248896
4 94807691138052096
11 111476157194571776
4 94811415659032576
17 93843403850252288
4 94806722232848384
4 94812640404180992
17 94805879194533888
24 94809083634401280
17 101803584659800064
11 111470213895172096
17 94810253820047360
11 111429277450371072
24 94810270635016192
16 94813831565553664
4 94812858512183296
18 89453422977363968
4 94811038188445696
8 99682642571698176
9 99273815368011776
17 93698218008907776
17 99649088131309568
23 113221675524440064
24 94810400620691456
17 111315053982130176
17 99720345187127296
17 94439603179757568
0 111471119860637696
8 99759805178200064
25 98184634310995968
15 106061671449100288
17 94813542166966272
23 113229590201241600
11 111443471000281088
23 113218995393544192
25 98184030327029760
17 101804125750169600
23 113220593406582784
4 94810685862715392
0 111466325741805568
17 94811109487423488
8 99655778058764288
11 111443299012853760
16 94813789656059904
17 89055253525311488
4 94805770130046976
11 111435640243093504
10 106068185220005888
4 94807296844103680
24 94808559354773504
24 94809679204589568
24 94806286021042176
4 94813626040451072
11 111442908963549184
17 94813437309366272
24 94811130454753280
17 94814586573815808
11 111462655759355904
11 111471459578286080
10 106067182768750592
17 94813844165234688
17 94458209124876288
23 113455352774787072
21 103088396439793664
25 98193597542825984
17 94809322701336576
3 99670432952758272
16 94813881901383680
3 99643614598152192
17 94810044109037568
21 103083317141835776
4 94802733437169664
14 103077159907770368
17 111338164592975872
17 94813915451633664
23 113229527269916672
12 106095695634767872
14 103082755121876992
8 99664384774766592
17 94815253468168192
16 94813542166970368
8 99689168908713984
4 94808106348969984
4 94814678823342080
17 101867220635893760
9 99181742023389184
3 99639315411386368
17 94815219875971072
17 94470481654194176
9 99235793993875456
16 94809289142706176
17 94447320694923264
4 94808190230872064
21 103067915686912000
17 112445259518189568
23 113230609396137984
24 94811319211003904
12 106109163570081792
11 111438500729065472
4 94812577493815296
9 99182333395087360
23 113539779936796672
11 111526908264583168
14 103075691901370368
17 111352647549857792
25 98169144767287296
4 94812053180657664
24 94814481686867968
3 99637826425065472
24 94810249650905088
17 94808009896759296
17 94812736868982784
8 99638854029549568
4 94812514549899264
9 99194228478980096
24 94810010562990080
17 99383257346482176
4 101802477380304896
1 103092632720384000
17 94810769752989696
24 94810253828423680
8 99654532333711360
17 112424900383358976
9 99196224942505984
23 113232991785979904
17 94813135327858688
17 89035955524206592
18 89444573025280000
21 103093408645652480
25 98168993742979072
9 99214172390293504
16 94810765537722368
8 99643589398769664
14 103068599341694976
17 93987713090469888
25 98180620387229696
17 94449484968366080
23 113495773311799296
14 103082763514679296
11 111439645803413504
16 94812128686518272
17 91515326075912192
11 111456959890329600
4 94808513188073472
17 91111200653455360
11 111451482099941376
16 94812053205827584
17 101920135975145472
9 99191640568233984
13 99185512715268096
12 106064951390638080
12 106163010032238592
8 99648618381852672
16 94813726724718592
9 99309609579319296
10 106062829081214976
11 111514375709409280
8 99646395409104896
8 99651197862019072
14 103083338109169664
12 106068176835584000
14 103090678153756672
13 99182358581886976
17 94812720070803456
11 111443450037153792
23 113221541336055808
11 111462802534825984
11 111462924157059072
12 106063261073551360
17 101174103515463680
10 106065689604915200
17 94812128682319872
8 99721729303261184
4 94809960222961664
11 111447426224750592
24 94815131808174080
23 113219779715796992
8 99692012642635776
17 94815035335000064
17 94458309771399168
8 99649146876727296
8 99673012453900288
8 99639734829187072
12 106061503672754176
13 99188733911367680
17 93676638344200192
8 99714447970545664
17 111320296862130176
4 94812829126897664
17 101948183315353600
11 111442388848873472
4 94811352736088064
17 94809310139387904
12 106089899119222784
11 111458960569143296
17 94814297129099264
11 111454023848173568
16 94812296479653888
17 93633533444227072
17 94405881004965888
17 94810736177582080
4 101800585736622080
11 111507954225774592
17 93983476818264064
9 99234317615636480
8 99668193186033664
23 113223558783696896
23 113306744414945280
17 94811252081168384
17 94816062935285760
10 106079904080203776
10 106067258262028288
12 106066721386934272
4 94811294036803584
17 94814817226985472
10 106064703930908672
24 94814817226985472
11 111503743152951296
8 99734266077904896
14 103078409814556672
9 99390337340030976
17 94410045932044288
17 112481238291456000
24 94811931558428672
26 106063927988850688
12 106089068630261760
17 94815853241057280
17 106063475004022784
9 99180848640819200
12 106063143633035264
21 103088295801651200
24 94808756461907968
24 89513430897262592
25 98174710608691200
10 106064041239252992
6 94810375463247872
17 111429260677353472
23 113223416181555200
17 89508162830483456
4 94803022852538368
16 94812090958757888
4 94814137762332672
17 94813684798459904
17 94808014074286080
11 111432179917135872
24 94810656506781696
25 98181698310782976
21 103084206351069184
17 94813202436726784
8 99697393964036096
12 106098195431571456
8 99638921142607872
4 94815286997422080
10 106065152738197504
23 113222459876052992
17 94812430668017664
12 106063932191543296
12 106079467872600064
17 94815500915318784
21 103079177384755200
4 94815228302331904
17 94809339482734592
15 106068080349818880
11 111435329831047168
25 98212274803703808
17 93988128313974784
17 98168020693819392
12 106063307219283968
17 94475741324001280
11 111504858846212096
8 99685142385270784
11 111492670173622272
17 111319592244215808
17 94816138457915392
17 94812174819672064
8 99732491899899904
17 93751422784516096
17 94443029926129664
24 94816746615226368
17 94816473998045184
10 106063818936954880
17 94814930468995072
9 99289204286173184
24 94813856739753984
17 93619394470625280
9 99183637827813376
12 106071062487367680
4 94812103512297472
9 99210359734415360
17 101237592703508480
9 99187500785999872
8 99669929644654592
4 94810098634997760
17 94814615908794368
0 111435464082341888
26 106067098882670592
23 113317829935251456
12 106064590684684288
16 94814053863669760
17 111445089980649472
11 111470415217565696
4 94814376833454080
17 94449103274119168
21 103077176693366784
8 99637977432600576
23 113296644518330368
17 93989688574087168
4 94810014765690880
12 106096576438603776
17 94811759575179264
17 93983430706069504
17 94810757140721664
17 101167149359443968
17 93983036424716288
3 99658923786780672
0 111448143438155776
17 94814888538554368
9 99203992789331968
8 99641848758411264
21 103087062659514368
12 106067757400985600
17 94813781250678784
17 94808362214105088
8 99647167144280064
17 112484019106611200
12 106089890739011584
23 113424226861588480
9 99252483150454784
8 99714431214305280
24 94808974586683392
4 94805971439861760
25 98176107290968064
0 111475645481099264
4 94811067523416064
8 99644898046779392
12 106078670959026176
23 113273525527252992
0 111507794846416896
11 111456133616640000
17 93758091723685888
11 111580956082712576
16 94812590068346880
8 99688619442307072
17 94816348177305600
16 94806357336793088
8 99684697789042688
11 111446264415133696
24 94806327972474880
17 94808974582480896
11 111471539274252288
11 111470012547608576
8 99638648529620992
8 99728159183867904
8 99775542231961600
17 93598792032583680
16 94815165383581696
12 106063143633027072
11 111450160890003456
15 106068713698103296
17 94815765152272384
24 94808894882328576
12 106079291711815680
24 94815706415239168
26 106062610956419072
11 111456448189448192
4 94810983658299392
17 93984881901699072
11 111467017831329792
17 94816130065117184
9 99187555316150272
8 99642104615141376
23 113222338224459776
11 91201323684466688
11 111502543552655360
11 111438924374745088
17 94810937499975680
8 99687126299451392
23 113235705500680192
4 94808378995523584
17 94816448828018688
16 94811902215069696
16 94814305517715456
8 99643564228755456
4 94815505126400000
24 94812267085971456
17 94810585178443776
17 89279527158677504
24 94814611714490368
9 99185684660764672
13 99180580201181184
8 99743539692445696
17 93986563817619456
17 93745575895379968
4 94816306221682688
11 91296475644039168
17 93591053558480896
11 111528082690686976
4 94813118567432192
11 111434876862996480
21 103093249270493184
17 94816218120327168
14 103081043845849088
10 106064804581605376
21 103086211240964096
17 93990296748179456
17 94816322990505984
4 94811721834827776
25 98174593159798784
18 89462990214152192
23 113284820792131584
17 94808806797737984
21 103069673062543360
24 94811910574309376
11 111426194670493696
16 94814104212086784
24 94814171333529600
11 111491407692308480
4 94813537972658176
24 94811633767030784
11 111457261876023296
8 99639231537885184
8 99719120458756096
8 99693505806475264
16 94806445396201472
11 111450781680549888
17 111369651245682688
4 94809981194477568
23 113232610070757376
17 94811818324791296
8 99732340875591680
24 94813869310095360
16 94809855394709504
24 94815303799812096
13 99208992412286976
11 111453164028432384
24 94813525389750272
17 94810241245523968
17 101202293462007808
25 98200048382382080
8 99649507595268096
24 94815630934548480
9 99181997888512000
9 99201090339340288
17 94810589381140480
6 94810824266358784
17 89056696374280192
4 94813919671107584
12 106065005929172992
24 94809159131873280
23 113229044912357376
23 113229149782544384
3 99645300691578880
24 94813416342044672
8 99770152534540288
8 99760140722503680
17 93757999415443456
0 111641702200119296
4 94809008136921088
16 94808529982066688
14 103069345906835456
24 94812850106793984
12 106067035947151360
17 93598766891929600
14 103069996040720384
11 111426219836325888
17 111320930189451264
4 94811432453013504
17 94815488332410880
24 111547405836623872
17 94404412998553600
17 89558238630133760
4 94813512806838272
24 94808072807133184
4 94805069689667584
11 91125675230109696
3 99647154582327296
8 99677944938639360
17 101807766372491264
8 99684416783257600
12 106063374353313792
17 99963207946469376
12 106061910532816896
4 94815639323156480
17 94814322328473600
8 99640942797144064
4 94811994464583680
9 99263283470675968
17 99946816631611392
24 94810325127397376
3 99646676435869696
17 94808085381648384
17 112419263226195968
24 94813789622509568
17 93770502673408000
14 103083937919811584
16 94816692101844992
9 99245927449116672
17 112515564475392000
21 103080167248904192
25 98172202414911488
8 99640091378585600
24 94812002844811264
9 99281419632775168
12 106065186259087360
16 94810660705275904
17 94810438386192384
3 99670898541477888
17 94412658975047680
8 99642603741528064
24 94816088105295872
9 99336381804982272
8 99744621789327360
17 94812279677263872
9 99266429198675968
8 99672857256280064
17 103092292944019456
17 94808643211505664
21 103087649857871872
8 99652925927866368
8 99737193693720576
11 111521531204599808
23 113252365250985984
3 99651957039448064
8 99671888367853568
14 103077264752783360
17 94807452050137088
12 106064867512950784
9 99182849294467072
11 111464455115784192
9 99180576011059200
8 99680956469870592
23 113241762071453696
16 94806831288946688
10 106062824865935360
4 94810178351927296
4 94816176215035904
11 111435673772376064
12 106064557151240192
4 94811226906955776
1 103086903263379456
18 89642648993927168
12 106063764419395584
17 93581339563008000
17 94812950770098176
9 99182949974552576
23 113236888265048064
23 113228294152912896
17 94811428250320896
8 99653739614445568
23 113371802251689984
17 93987570467340288
17 99965040853123072
21 103071568921509888
4 101797821711269888
17 94806395089719296
9 99230366568689664
17 94807653376720896
24 94811625361637376
23 113227891512328192
17 99648484168310784
17 93642593140871168
23 113271227027701760
17 94815681278779392
8 99642280788496384
17 111318568813068288
12 106063491768651776
21 103097493914533888
8 99640384954703872
14 103091093377257472
25 98329383961505792
17 94812183220846592
21 103082197292032000
9 99199991423320064
8 99649679553343488
23 113229485335257088
8 99641152512339968
23 113218974384263168
17 93619503501549568
12 106062761976532992
16 94814523625709568
8 99675747135922176
4 94812107702415360
17 94813340861341696
24 94812808155365376
24 94812539745087488
17 94809184310276096
17 94810966872694784
13 99323735982612480
10 106065463120891904
8 99641093792088064
12 106062917165785088
11 111456330711175168
11 111430942618423296
4 94816570458652672
26 106062749397823488
24 94814943068688384
8 99678502785269760
16 94804004323860480
24 94812678140338176
25 98169006338482176
17 94484134113714176
12 106063462416912384
4 94809435960123392
12 106067367322320896
9 99180534063837184
17 101918563115352064
14 103071644410593280
24 94807716282908672
8 99716960362823680
25 98169287344275456
23 113241321640173568
24 94813110174629888
24 94809175900700672
24 94813391163633664
25 98201914860240896
26 106062447407931392
21 103074802725699584
12 106064590701477888
12 106067199550164992
17 93985951449235456
12 106065630884667392
8 99639239934869504
18 89461903864250368
17 93728861589749760
8 99646110171275264
8 99695217099284480
3 99639231525298176
23 113220224307830784
8 99645422309617664
23 113224334704771072
11 111428652532633600
12 106068080345620480
8 99654616253333504
4 94810492928925696
17 93902463861669888
9 99235659784527872
17 101178679517921280
12 106072664703111168
8 99716243157819392
8 99649704719171584
15 106088997331271680
8 99735285297979392
23 113221449052995584
17 94811084304814080
4 94803010257039360
8 99681082299006976
11 111459749068935168
8 99654712705560576
24 94808550932611072
8 99719053328920576
12 106069674189529088
23 113235030217723904
12 106141124162367488
17 94809733747314688
18 89474730037489664
17 91516731155161088
24 94812808188932096
17 93897371951439872
17 94815609946247168
17 94812371951943680
16 94811793129607168
12 106063131071102976
4 94814137758134272
17 93711790768263168
21 103077562573529088
17 91519486808702976
17 93865063244496896
17 94507743863513088
25 98173863359299584
17 93595499512336384
12 106068055183998976
17 94808609665458176
11 111469685412855808
25 98318034162286592
4 94806575428014080
17 93987411071209472
17 94405767733579776
21 103094637572530176
17 94815437992378368
25 98178649047564288
21 103073854787821568
11 111452211921432576
0 111577604854775808
16 94807699514064896
17 94815983277056000
24 94816109089390592
11 111512685379715072
4 94806743225335808
11 111465625293029376
17 89062195098431488
21 103069593395933184
17 94816230707445760
9 99221118149337088
4 94815828075229184
8 99648681292218368
8 99692906058760192
23 113244177994756096
12 106062950703443968
12 106063810556731392
12 106063068135571456
9 99375711806160896
11 111532578984574976
4 94814121001881600
24 94809104593338368
17 94815689658998784
0 111450316083437568
12 106068252324675584
11 111445098386046976
24 94808467054923776
14 103079592625045504
10 106065446318514176
12 106062430626512896
17 94447844987121664
16 94813852545466368
17 112502042018320384
17 93985381049049088
24 94813034647781376
21 103076476223631360
17 94814758540288000
11 111453826711691264
12 106115245289897984
12 106093321679683584
8 99650891715575808
10 106063886050004992
12 106064406139506688
8 99756105806249984
17 93984173068525568
16 94814850802393088
16 94809649848655872
12 106077442053115904
12 106064179634515968
24 94813357621780480
25 98193232646778880
24 94810190922268672
8 99666658074951680
11 111460474712883200
4 94812015444492288
8 99665101992370176
11 111518419022659584
17 94402345202487296
4 94801731006894080
17 94810585203621888
21 103095224787681280
24 94814884331663360
16 94810010567180288
8 99642314334543872
17 101130667324215296
11 111448588026003456
23 113228298326249472
17 112504864797507584
17 93697127489863680
21 103072676184207360
6 94814053863661568
17 94812913021353984
17 94814037120000000
17 101906378658033664
17 93678156644495360
0 111470511665594368
17 94813907075612672
17 94810102837682176
24 94808093766066176
14 103071791215415296
12 106064393535627264
4 94809251402354688
4 94816528498831360
24 94812791394942976
17 94809859576442880
12 106064045429370880
8 99652514873475072
17 93666156774305792
11 111479336493793280
12 106065702183649280
17 94805912719593472
4 94814381031952384
17 99948712431853568
24 94811918988087296
17 94814238408847360
9 99183772058140672
17 93700541678485504
17 94433567576301568
17 99935424906149888
9 99367574856417280
14 103070490989576192
17 101173956744196096
4 94812594275225600
4 94809431765819392
24 94810505503453184
8 99642972869632000
9 99225262130069504
16 94809008145309696
15 106067170173255680
17 94808697750036480
17 94810065105719296
17 94808110534897664
3 99640250757947392
21 103093836468854784
16 94810123805011968
17 99940701307015168
12 106062296392024064
16 94813626057244672
4 94813550551375872
23 113230382916313088
8 99653613806301184
8 99711381959491584
12 106063328207581184
4 94816356540747776
17 94472729801142272
21 103082394403348480
17 94811772162285568
11 111531660444569600
17 94806097298325504
17 94813995139219456
3 99639814537756672
8 99659087385595904
17 94403708334510080
4 94809163330363392
9 99180638900453376
17 101798601822437376
11 111453633798864896
14 103069488529936384
11 111572483605405696
8 99666884558983168
12 106079396577812480
12 106064573903282176
17 94812283884150784
11 111476727624110080
8 99756659479547904
23 113219582583504896
17 101841153044914176
23 113229204308508672
9 99332636287303680
24 94808228008960000
17 93656899941179392
11 111645279941427200
24 94812720074981376
16 94816411087683584
25 98202078417137664
8 99647758545330176
17 93757911335059456
25 98180410659454976
17 94809972810072064
12 106062548046057472
12 106070110397145088
8 99680553829269504
23 113217997136605184
18 89471886299373568
24 94813118554836992
23 113230542312456192
17 94805736563015680
12 106066629099667456
24 94814699799052288
8 99722975007346688
11 111457006010892288
24 94810698424647680
17 112515337970397184
17 93824592388423680
11 111435862541217792
8 99714317976473600
11 111588568761249792
17 94445181620858880
4 94801873634213888
17 94810224485081088
11 111440954413682688
4 94810203526139904
24 94814511042801664
4 94814511042801664
8 99640477246169088
12 106081640513683456
12 106070211060445184
10 106063672115335168
11 111537985446625280
10 106064699753381888
18 89498557895286784
17 94813873542135808
8 99742503695163392
8 99645598487166976
8 99642616328634368
11 111584089236176896
21 103069379478032384
8 99649796985470976
25 98326942843023360
4 94809570165264384
4 94813756084850688
4 94812124517380096
8 99640846349107200
11 111439951983423488
24 94809419166130176
12 106063890252697600
10 106066285200281600
17 99670957232369664
23 113226515759632384
17 94810568430587904
8 99654578475241472
11 111451377238159360
17 93984089186639872
12 106122597900632064
17 93852161565409280
17 94814133584805888
11 111713106002051072
17 94813873529565184
4 94813785440780288
24 94812208369901568
8 99658621796876288
17 94809599508619264
14 103068184105594880
17 101798287283191808
12 106089324499574784
23 113233373434089472
24 94814607545335808
9 99242890768826368
17 94812556530679808
17 101918701527375872
17 93619595780423680
17 94806785143214080
9 99226637849214976
21 103091978396368896
17 93852992041787392
8 99643283248128000
17 101866776035463168
21 103073347277041664
17 94815651918647296
17 94813009507127296
8 99672010023645184
4 101914012295507968
12 106063030386819072
24 94809402414084096
4 94813391172018176
3 99645774656315392
12 106062753600516096
26 106061910511853568
12 106069984563838976
24 94816515941072896
24 94807833706643456
21 103072604897804288
4 94807322001547264
25 98193949881151488
21 103074748174577664
3 99638422028812288
8 99679350034665472
17 94812531348094976
17 94816436236713984
24 94810417410486272
17 99957130429341696
4 94810249646710784
17 93702789812858880
8 99709913923719168
8 99668755252129792
17 93983954998276096
21 103078766334586880
17 93810994446471168
17 94437149516103680
17 93782653572087808
12 106065354052214784
25 98328691880361984
12 106063919583477760
11 111435300500275200
24 94815370875109376
23 113223856562515968
17 94488844333875200
24 94813147927556096
17 93918632903581696
4 101802875843387392
12 106265057456951296
4 94814305526099968
17 89556741284564992
8 99639567090589696
4 94811856069337088
12 106068600456093696
17 94808886510501888
9 99185118450696192
11 111441151550160896
17 89199122334232576
17 94815970685755392
14 103068800672473088
11 111437540254420992
24 94811294007431168
9 99188922663440384
17 93674532765843456
17 89519143543504896
4 94805757534539776
12 106062384476590080
3 99638266835374080
11 111532235051634688
17 89503989518974976
17 99760987992887296
12 106078582887026688
11 111439129891438592
8 99644453450563584
4 94811231101272064
24 94812711707348992
17 93982642155945984
21 103088476156739584
9 99187811156115456
11 111466158003200000
11 111439993897107456
17 93761518474248192
8 99642708590739456
16 94812292285349888
17 94810610369433600
23 113221662954110976
12 106068436882432000
8 99637759324598272
24 94808370594328576
8 99643677479145472
17 111324969308389376
23 113347492069900288
12 106152469733720064
17 93913691988307968
17 94810429980807168
17 93934646743674880
17 94400814252179456
17 93667985461493760
4 94807926010675200
17 94813898682810368
16 94814385234649088
4 94808458678910976
23 113223521018200064
25 98168217817714688
17 94473262473551872
3 99744567296921600
17 94815106650738688
4 94809364648566784
13 99195474153705472
4 94810522259697664
17 94442681828257792
11 111523443807227904
10 106067929333899264
11 111615986918100992
24 94808714514665472
3 99737973825863680
16 94813928042934272
4 94813709939126272
24 94812099338973184
24 94815651918655488
10 106066956280545280
23 113228080226643968
9 99225874485882880
12 106182949766041600
17 94811637973925888
17 94807871488917504
24 94815194743701504
10 106064041222488064
17 94812258718334976
17 93913687810768896
17 111318199710130176
16 94814917902872576
12 106065618289168384
17 93745244570533888
9 99224398090878976
14 103078569189711872
23 113219884548243456
11 111426320474443776
12 106068436865654784
17 94810895552753664
4 94805589787545600
12 106081057543168000
11 111447522685370368
12 106069103751598080
14 103073129202593792
12 106125437436039168
8 99756982419996672
17 111335056643067904
11 111554108330213376
17 91138245555011584
11 111518301590532096
11 111454468461170688
24 94810715227041792
11 111434151260987392
12 106063026192519168
9 99180768928083968
21 103068930691706880
12 106067145007448064
10 106066868187574272
17 93877281226899456
24 94808982954323968
17 94811776352387072
17 94807791801352192
8 99642108830425088
8 99717929268019200
17 93989759877267456
4 94812803965259776
23 113287194738819072
11 111434302226575360
12 106062027973337088
17 94810471953219584
23 113218563355062272
4 94814712373575680
23 113234761778073600
17 111265397612879872
17 94811717636337664
8 99652678468124672
24 94816322998894592
11 111434100916760576
9 99181452608016384
3 99640951202529280
15 106063617618755584
23 113266944668467200
8 99637692219920384
